date,region_schema,region_parent,region_child,agerange,value
2020-01-07,admin_0,,fr,,2727321
2020-01-16,admin_0,,fr,,2894347
2020-01-17,admin_0,,fr,,2910989
2020-01-24,admin_0,,fr,,3
2020-01-24,admin_1,fr,fr-16,,0
2020-01-24,admin_1,fr,fr-17,,0
2020-01-24,admin_1,fr,fr-19,,0
2020-01-24,admin_1,fr,fr-23,,0
2020-01-24,admin_1,fr,fr-24,,0
2020-01-24,admin_1,fr,fr-33,,1
2020-01-24,admin_1,fr,fr-40,,0
2020-01-24,admin_1,fr,fr-47,,0
2020-01-24,admin_1,fr,fr-64,,0
2020-01-24,admin_1,fr,fr-79,,0
2020-01-24,admin_1,fr,fr-86,,0
2020-01-24,admin_1,fr,fr-87,,0
2020-01-25,admin_0,,fr,,3
2020-01-25,admin_1,fr,fr-33,,1
2020-01-26,admin_0,,fr,,3
2020-01-26,admin_1,fr,fr-33,,1
2020-01-27,admin_0,,fr,,3
2020-01-27,admin_1,fr,fr-33,,1
2020-01-27,admin_1,fr,fr-34,,1
2020-01-28,admin_0,,fr,,4
2020-01-28,admin_1,fr,fr-33,,1
2020-01-29,admin_0,,fr,,5
2020-01-29,admin_1,fr,fr-33,,1
2020-01-30,admin_0,,fr,,6
2020-01-30,admin_1,fr,fr-33,,1
2020-01-31,admin_0,,fr,,6
2020-01-31,admin_1,fr,fr-33,,1
2020-02-02,admin_0,,fr,,6
2020-02-03,admin_0,,fr,,6
2020-02-03,admin_1,fr,fr-33,,1
2020-02-04,admin_0,,fr,,6
2020-02-05,admin_0,,fr,,6
2020-02-05,admin_1,fr,fr-33,,1
2020-02-06,admin_0,,fr,,6
2020-02-06,admin_1,fr,fr-33,,1
2020-02-07,admin_0,,fr,,6
2020-02-07,admin_1,fr,fr-33,,1
2020-02-07,admin_1,fr,fr-74,,5
2020-02-08,admin_0,,fr,,11
2020-02-08,admin_1,fr,fr-33,,1
2020-02-08,admin_1,fr,fr-74,,5
2020-02-09,admin_0,,fr,,11
2020-02-10,admin_0,,fr,,11
2020-02-10,admin_1,fr,fr-33,,1
2020-02-10,admin_1,fr,fr-74,,5
2020-02-11,admin_0,,fr,,11
2020-02-11,admin_1,fr,fr-33,,1
2020-02-11,admin_1,fr,fr-74,,5
2020-02-12,admin_0,,fr,,11
2020-02-12,admin_1,fr,fr-33,,1
2020-02-12,admin_1,fr,fr-74,,5
2020-02-13,admin_0,,fr,,11
2020-02-15,admin_0,,fr,,12
2020-02-17,admin_0,,fr,,12
2020-02-19,admin_0,,fr,,12
2020-02-20,admin_0,,fr,,12
2020-02-20,admin_1,fr,fr-33,,1
2020-02-20,admin_1,fr,fr-74,,6
2020-02-21,admin_0,,fr,,12
2020-02-23,admin_0,,fr,,12
2020-02-24,admin_0,,fr,,12
2020-02-24,admin_1,fr,fr-33,,1
2020-02-25,admin_0,,fr,,12
2020-02-25,admin_1,fr,fr-74,,7
2020-02-26,admin_0,,fr,,17
2020-02-26,admin_1,fr,fr-02,,0
2020-02-26,admin_1,fr,fr-25,,1
2020-02-26,admin_1,fr,fr-59,,0
2020-02-26,admin_1,fr,fr-60,,2
2020-02-26,admin_1,fr,fr-62,,0
2020-02-26,admin_1,fr,fr-80,,0
2020-02-26,admin_1,fr,fr-90,,2
2020-02-27,admin_0,,fr,,38
2020-02-27,admin_1,fr,fr-21,,1
2020-02-27,admin_1,fr,fr-29,,1
2020-02-27,admin_1,fr,fr-44,,1
2020-02-27,admin_1,fr,fr-67,,1
2020-02-27,admin_1,fr,fr-74,,2
2020-02-28,admin_0,,fr,,57
2020-02-28,admin_1,fr,fr-06,,1
2020-02-28,admin_1,fr,fr-17,,1
2020-02-28,admin_1,fr,fr-21,,2
2020-02-28,admin_1,fr,fr-29,,2
2020-02-28,admin_1,fr,fr-33,,2
2020-02-28,admin_1,fr,fr-34,,3
2020-02-28,admin_1,fr,fr-40,,1
2020-02-28,admin_1,fr,fr-49,,2
2020-02-28,admin_1,fr,fr-53,,1
2020-02-28,admin_1,fr,fr-76,,1
2020-02-29,admin_0,,fr,,100
2020-02-29,admin_1,fr,fr-02,,1
2020-02-29,admin_1,fr,fr-16,,0
2020-02-29,admin_1,fr,fr-17,,1
2020-02-29,admin_1,fr,fr-19,,0
2020-02-29,admin_1,fr,fr-23,,0
2020-02-29,admin_1,fr,fr-24,,0
2020-02-29,admin_1,fr,fr-33,,2
2020-02-29,admin_1,fr,fr-35,,2
2020-02-29,admin_1,fr,fr-40,,1
2020-02-29,admin_1,fr,fr-47,,0
2020-02-29,admin_1,fr,fr-60,,3
2020-02-29,admin_1,fr,fr-64,,0
2020-02-29,admin_1,fr,fr-79,,0
2020-02-29,admin_1,fr,fr-86,,0
2020-02-29,admin_1,fr,fr-87,,0
2020-03-01,admin_0,,fr,,130
2020-03-01,admin_1,fr,fr-02,,1
2020-03-01,admin_1,fr,fr-25,,6
2020-03-01,admin_1,fr,fr-34,,5
2020-03-01,admin_1,fr,fr-35,,4
2020-03-01,admin_1,fr,fr-56,,9
2020-03-01,admin_1,fr,fr-62,,1
2020-03-01,admin_1,fr,fr-72,,1
2020-03-02,admin_0,,fr,,191
2020-03-02,admin_1,fr,fr-01,,3
2020-03-02,admin_1,fr,fr-02,,4
2020-03-02,admin_1,fr,fr-08,,0
2020-03-02,admin_1,fr,fr-10,,0
2020-03-02,admin_1,fr,fr-27,,2
2020-03-02,admin_1,fr,fr-29,,3
2020-03-02,admin_1,fr,fr-34,,6
2020-03-02,admin_1,fr,fr-44,,2
2020-03-02,admin_1,fr,fr-51,,0
2020-03-02,admin_1,fr,fr-52,,0
2020-03-02,admin_1,fr,fr-54,,0
2020-03-02,admin_1,fr,fr-55,,0
2020-03-02,admin_1,fr,fr-56,,12
2020-03-02,admin_1,fr,fr-57,,0
2020-03-02,admin_1,fr,fr-67,,2
2020-03-02,admin_1,fr,fr-68,,3
2020-03-02,admin_1,fr,fr-69,,4
2020-03-02,admin_1,fr,fr-74,,25
2020-03-02,admin_1,fr,fr-88,,0
2020-03-03,admin_0,,fr,,212
2020-03-03,admin_1,fr,fr-01,,3
2020-03-03,admin_1,fr,fr-02,,8
2020-03-03,admin_1,fr,fr-03,,0
2020-03-03,admin_1,fr,fr-07,,0
2020-03-03,admin_1,fr,fr-15,,0
2020-03-03,admin_1,fr,fr-16,,0
2020-03-03,admin_1,fr,fr-17,,1
2020-03-03,admin_1,fr,fr-19,,0
2020-03-03,admin_1,fr,fr-23,,0
2020-03-03,admin_1,fr,fr-24,,0
2020-03-03,admin_1,fr,fr-26,,0
2020-03-03,admin_1,fr,fr-30,,2
2020-03-03,admin_1,fr,fr-33,,2
2020-03-03,admin_1,fr,fr-38,,0
2020-03-03,admin_1,fr,fr-40,,1
2020-03-03,admin_1,fr,fr-42,,0
2020-03-03,admin_1,fr,fr-43,,0
2020-03-03,admin_1,fr,fr-44,,3
2020-03-03,admin_1,fr,fr-47,,1
2020-03-03,admin_1,fr,fr-63,,0
2020-03-03,admin_1,fr,fr-64,,1
2020-03-03,admin_1,fr,fr-69,,4
2020-03-03,admin_1,fr,fr-71,,1
2020-03-03,admin_1,fr,fr-73,,0
2020-03-03,admin_1,fr,fr-74,,29
2020-03-03,admin_1,fr,fr-79,,0
2020-03-03,admin_1,fr,fr-86,,0
2020-03-03,admin_1,fr,fr-87,,0
2020-03-03,admin_1,fr,fr-90,,6
2020-03-04,admin_0,,fr,,285
2020-03-04,admin_1,fr,fr-01,,4
2020-03-04,admin_1,fr,fr-02,,12
2020-03-04,admin_1,fr,fr-03,,0
2020-03-04,admin_1,fr,fr-06,,10
2020-03-04,admin_1,fr,fr-07,,0
2020-03-04,admin_1,fr,fr-08,,0
2020-03-04,admin_1,fr,fr-10,,0
2020-03-04,admin_1,fr,fr-12,,2
2020-03-04,admin_1,fr,fr-13,,7
2020-03-04,admin_1,fr,fr-15,,0
2020-03-04,admin_1,fr,fr-16,,0
2020-03-04,admin_1,fr,fr-17,,1
2020-03-04,admin_1,fr,fr-19,,0
2020-03-04,admin_1,fr,fr-21,,1
2020-03-04,admin_1,fr,fr-22,,0
2020-03-04,admin_1,fr,fr-23,,0
2020-03-04,admin_1,fr,fr-24,,0
2020-03-04,admin_1,fr,fr-26,,2
2020-03-04,admin_1,fr,fr-27,,2
2020-03-04,admin_1,fr,fr-28,,1
2020-03-04,admin_1,fr,fr-29,,3
2020-03-04,admin_1,fr,fr-33,,2
2020-03-04,admin_1,fr,fr-35,,4
2020-03-04,admin_1,fr,fr-37,,1
2020-03-04,admin_1,fr,fr-38,,0
2020-03-04,admin_1,fr,fr-40,,1
2020-03-04,admin_1,fr,fr-42,,0
2020-03-04,admin_1,fr,fr-43,,0
2020-03-04,admin_1,fr,fr-44,,4
2020-03-04,admin_1,fr,fr-47,,1
2020-03-04,admin_1,fr,fr-51,,1
2020-03-04,admin_1,fr,fr-52,,0
2020-03-04,admin_1,fr,fr-54,,0
2020-03-04,admin_1,fr,fr-55,,0
2020-03-04,admin_1,fr,fr-56,,17
2020-03-04,admin_1,fr,fr-57,,0
2020-03-04,admin_1,fr,fr-59,,1
2020-03-04,admin_1,fr,fr-63,,0
2020-03-04,admin_1,fr,fr-64,,1
2020-03-04,admin_1,fr,fr-67,,5
2020-03-04,admin_1,fr,fr-68,,16
2020-03-04,admin_1,fr,fr-69,,5
2020-03-04,admin_1,fr,fr-70,,1
2020-03-04,admin_1,fr,fr-71,,2
2020-03-04,admin_1,fr,fr-73,,2
2020-03-04,admin_1,fr,fr-74,,39
2020-03-04,admin_1,fr,fr-79,,0
2020-03-04,admin_1,fr,fr-84,,1
2020-03-04,admin_1,fr,fr-86,,0
2020-03-04,admin_1,fr,fr-87,,0
2020-03-04,admin_1,fr,fr-88,,1
2020-03-04,admin_1,fr,fr-90,,7
2020-03-04,admin_1,fr,fr-gf,,5
2020-03-05,admin_0,,fr,,423
2020-03-05,admin_1,fr,fr-01,,4
2020-03-05,admin_1,fr,fr-02,,14
2020-03-05,admin_1,fr,fr-05,,3
2020-03-05,admin_1,fr,fr-06,,14
2020-03-05,admin_1,fr,fr-12,,4
2020-03-05,admin_1,fr,fr-13,,7
2020-03-05,admin_1,fr,fr-14,,1
2020-03-05,admin_1,fr,fr-16,,0
2020-03-05,admin_1,fr,fr-17,,1
2020-03-05,admin_1,fr,fr-18,,0
2020-03-05,admin_1,fr,fr-19,,0
2020-03-05,admin_1,fr,fr-22,,0
2020-03-05,admin_1,fr,fr-23,,0
2020-03-05,admin_1,fr,fr-24,,0
2020-03-05,admin_1,fr,fr-25,,17
2020-03-05,admin_1,fr,fr-26,,3
2020-03-05,admin_1,fr,fr-28,,1
2020-03-05,admin_1,fr,fr-29,,3
2020-03-05,admin_1,fr,fr-2a,,3
2020-03-05,admin_1,fr,fr-2b,,0
2020-03-05,admin_1,fr,fr-31,,1
2020-03-05,admin_1,fr,fr-33,,2
2020-03-05,admin_1,fr,fr-34,,9
2020-03-05,admin_1,fr,fr-35,,5
2020-03-05,admin_1,fr,fr-36,,0
2020-03-05,admin_1,fr,fr-37,,1
2020-03-05,admin_1,fr,fr-40,,1
2020-03-05,admin_1,fr,fr-41,,0
2020-03-05,admin_1,fr,fr-45,,1
2020-03-05,admin_1,fr,fr-47,,3
2020-03-05,admin_1,fr,fr-50,,3
2020-03-05,admin_1,fr,fr-56,,23
2020-03-05,admin_1,fr,fr-59,,1
2020-03-05,admin_1,fr,fr-60,,6
2020-03-05,admin_1,fr,fr-63,,3
2020-03-05,admin_1,fr,fr-64,,1
2020-03-05,admin_1,fr,fr-69,,12
2020-03-05,admin_1,fr,fr-71,,5
2020-03-05,admin_1,fr,fr-73,,2
2020-03-05,admin_1,fr,fr-74,,39
2020-03-05,admin_1,fr,fr-75,,17
2020-03-05,admin_1,fr,fr-77,,3
2020-03-05,admin_1,fr,fr-78,,1
2020-03-05,admin_1,fr,fr-79,,1
2020-03-05,admin_1,fr,fr-80,,2
2020-03-05,admin_1,fr,fr-83,,1
2020-03-05,admin_1,fr,fr-84,,1
2020-03-05,admin_1,fr,fr-86,,0
2020-03-05,admin_1,fr,fr-87,,0
2020-03-05,admin_1,fr,fr-90,,18
2020-03-05,admin_1,fr,fr-91,,1
2020-03-05,admin_1,fr,fr-92,,10
2020-03-05,admin_1,fr,fr-93,,7
2020-03-05,admin_1,fr,fr-94,,7
2020-03-05,admin_1,fr,fr-95,,12
2020-03-05,admin_1,fr,fr-mq,,2
2020-03-06,admin_0,,fr,,613
2020-03-06,admin_1,fr,fr-01,,4
2020-03-06,admin_1,fr,fr-02,,20
2020-03-06,admin_1,fr,fr-05,,5
2020-03-06,admin_1,fr,fr-06,,17
2020-03-06,admin_1,fr,fr-07,,2
2020-03-06,admin_1,fr,fr-13,,7
2020-03-06,admin_1,fr,fr-16,,1
2020-03-06,admin_1,fr,fr-17,,2
2020-03-06,admin_1,fr,fr-18,,0
2020-03-06,admin_1,fr,fr-19,,0
2020-03-06,admin_1,fr,fr-21,,5
2020-03-06,admin_1,fr,fr-22,,0
2020-03-06,admin_1,fr,fr-23,,0
2020-03-06,admin_1,fr,fr-24,,1
2020-03-06,admin_1,fr,fr-25,,30
2020-03-06,admin_1,fr,fr-26,,3
2020-03-06,admin_1,fr,fr-28,,1
2020-03-06,admin_1,fr,fr-29,,4
2020-03-06,admin_1,fr,fr-2a,,3
2020-03-06,admin_1,fr,fr-2b,,2
2020-03-06,admin_1,fr,fr-30,,3
2020-03-06,admin_1,fr,fr-31,,2
2020-03-06,admin_1,fr,fr-33,,2
2020-03-06,admin_1,fr,fr-34,,11
2020-03-06,admin_1,fr,fr-35,,6
2020-03-06,admin_1,fr,fr-36,,0
2020-03-06,admin_1,fr,fr-37,,2
2020-03-06,admin_1,fr,fr-39,,2
2020-03-06,admin_1,fr,fr-40,,1
2020-03-06,admin_1,fr,fr-41,,0
2020-03-06,admin_1,fr,fr-42,,1
2020-03-06,admin_1,fr,fr-44,,4
2020-03-06,admin_1,fr,fr-45,,4
2020-03-06,admin_1,fr,fr-46,,1
2020-03-06,admin_1,fr,fr-47,,3
2020-03-06,admin_1,fr,fr-49,,3
2020-03-06,admin_1,fr,fr-50,,6
2020-03-06,admin_1,fr,fr-51,,2
2020-03-06,admin_1,fr,fr-53,,1
2020-03-06,admin_1,fr,fr-55,,1
2020-03-06,admin_1,fr,fr-56,,24
2020-03-06,admin_1,fr,fr-57,,1
2020-03-06,admin_1,fr,fr-59,,4
2020-03-06,admin_1,fr,fr-62,,0
2020-03-06,admin_1,fr,fr-63,,5
2020-03-06,admin_1,fr,fr-64,,1
2020-03-06,admin_1,fr,fr-68,,80
2020-03-06,admin_1,fr,fr-69,,21
2020-03-06,admin_1,fr,fr-70,,3
2020-03-06,admin_1,fr,fr-71,,8
2020-03-06,admin_1,fr,fr-72,,3
2020-03-06,admin_1,fr,fr-73,,3
2020-03-06,admin_1,fr,fr-74,,48
2020-03-06,admin_1,fr,fr-75,,19
2020-03-06,admin_1,fr,fr-76,,2
2020-03-06,admin_1,fr,fr-77,,8
2020-03-06,admin_1,fr,fr-78,,3
2020-03-06,admin_1,fr,fr-79,,1
2020-03-06,admin_1,fr,fr-80,,3
2020-03-06,admin_1,fr,fr-81,,2
2020-03-06,admin_1,fr,fr-82,,3
2020-03-06,admin_1,fr,fr-83,,1
2020-03-06,admin_1,fr,fr-84,,1
2020-03-06,admin_1,fr,fr-85,,1
2020-03-06,admin_1,fr,fr-86,,0
2020-03-06,admin_1,fr,fr-87,,0
2020-03-06,admin_1,fr,fr-88,,2
2020-03-06,admin_1,fr,fr-89,,2
2020-03-06,admin_1,fr,fr-90,,30
2020-03-06,admin_1,fr,fr-91,,2
2020-03-06,admin_1,fr,fr-92,,10
2020-03-06,admin_1,fr,fr-93,,12
2020-03-06,admin_1,fr,fr-94,,9
2020-03-06,admin_1,fr,fr-95,,26
2020-03-07,admin_0,,fr,,949
2020-03-07,admin_1,fr,fr-01,,7
2020-03-07,admin_1,fr,fr-02,,20
2020-03-07,admin_1,fr,fr-05,,6
2020-03-07,admin_1,fr,fr-06,,17
2020-03-07,admin_1,fr,fr-07,,2
2020-03-07,admin_1,fr,fr-11,,3
2020-03-07,admin_1,fr,fr-12,,4
2020-03-07,admin_1,fr,fr-13,,10
2020-03-07,admin_1,fr,fr-14,,1
2020-03-07,admin_1,fr,fr-16,,1
2020-03-07,admin_1,fr,fr-17,,2
2020-03-07,admin_1,fr,fr-19,,0
2020-03-07,admin_1,fr,fr-21,,7
2020-03-07,admin_1,fr,fr-22,,0
2020-03-07,admin_1,fr,fr-23,,0
2020-03-07,admin_1,fr,fr-24,,0
2020-03-07,admin_1,fr,fr-25,,39
2020-03-07,admin_1,fr,fr-26,,16
2020-03-07,admin_1,fr,fr-27,,1
2020-03-07,admin_1,fr,fr-29,,5
2020-03-07,admin_1,fr,fr-2a,,12
2020-03-07,admin_1,fr,fr-2b,,5
2020-03-07,admin_1,fr,fr-30,,3
2020-03-07,admin_1,fr,fr-31,,2
2020-03-07,admin_1,fr,fr-33,,3
2020-03-07,admin_1,fr,fr-34,,11
2020-03-07,admin_1,fr,fr-35,,7
2020-03-07,admin_1,fr,fr-38,,1
2020-03-07,admin_1,fr,fr-39,,4
2020-03-07,admin_1,fr,fr-40,,1
2020-03-07,admin_1,fr,fr-42,,2
2020-03-07,admin_1,fr,fr-46,,1
2020-03-07,admin_1,fr,fr-47,,6
2020-03-07,admin_1,fr,fr-49,,4
2020-03-07,admin_1,fr,fr-50,,6
2020-03-07,admin_1,fr,fr-52,,1
2020-03-07,admin_1,fr,fr-56,,35
2020-03-07,admin_1,fr,fr-57,,8
2020-03-07,admin_1,fr,fr-58,,0
2020-03-07,admin_1,fr,fr-60,,7
2020-03-07,admin_1,fr,fr-61,,0
2020-03-07,admin_1,fr,fr-62,,3
2020-03-07,admin_1,fr,fr-63,,5
2020-03-07,admin_1,fr,fr-64,,2
2020-03-07,admin_1,fr,fr-67,,46
2020-03-07,admin_1,fr,fr-69,,32
2020-03-07,admin_1,fr,fr-70,,5
2020-03-07,admin_1,fr,fr-71,,10
2020-03-07,admin_1,fr,fr-73,,3
2020-03-07,admin_1,fr,fr-74,,58
2020-03-07,admin_1,fr,fr-75,,21
2020-03-07,admin_1,fr,fr-76,,2
2020-03-07,admin_1,fr,fr-77,,8
2020-03-07,admin_1,fr,fr-78,,7
2020-03-07,admin_1,fr,fr-79,,1
2020-03-07,admin_1,fr,fr-81,,2
2020-03-07,admin_1,fr,fr-82,,3
2020-03-07,admin_1,fr,fr-83,,2
2020-03-07,admin_1,fr,fr-84,,2
2020-03-07,admin_1,fr,fr-86,,0
2020-03-07,admin_1,fr,fr-87,,0
2020-03-07,admin_1,fr,fr-89,,0
2020-03-07,admin_1,fr,fr-90,,38
2020-03-07,admin_1,fr,fr-91,,5
2020-03-07,admin_1,fr,fr-92,,11
2020-03-07,admin_1,fr,fr-93,,13
2020-03-07,admin_1,fr,fr-94,,10
2020-03-07,admin_1,fr,fr-95,,31
2020-03-08,admin_0,,fr,,1126
2020-03-08,admin_1,fr,fr-01,,8
2020-03-08,admin_1,fr,fr-02,,21
2020-03-08,admin_1,fr,fr-04,,0
2020-03-08,admin_1,fr,fr-05,,8
2020-03-08,admin_1,fr,fr-06,,21
2020-03-08,admin_1,fr,fr-07,,3
2020-03-08,admin_1,fr,fr-08,,1
2020-03-08,admin_1,fr,fr-10,,1
2020-03-08,admin_1,fr,fr-11,,8
2020-03-08,admin_1,fr,fr-12,,8
2020-03-08,admin_1,fr,fr-13,,15
2020-03-08,admin_1,fr,fr-14,,2
2020-03-08,admin_1,fr,fr-16,,1
2020-03-08,admin_1,fr,fr-17,,7
2020-03-08,admin_1,fr,fr-18,,0
2020-03-08,admin_1,fr,fr-19,,1
2020-03-08,admin_1,fr,fr-22,,0
2020-03-08,admin_1,fr,fr-23,,0
2020-03-08,admin_1,fr,fr-24,,0
2020-03-08,admin_1,fr,fr-25,,41
2020-03-08,admin_1,fr,fr-26,,16
2020-03-08,admin_1,fr,fr-27,,6
2020-03-08,admin_1,fr,fr-28,,5
2020-03-08,admin_1,fr,fr-29,,5
2020-03-08,admin_1,fr,fr-32,,1
2020-03-08,admin_1,fr,fr-33,,4
2020-03-08,admin_1,fr,fr-34,,18
2020-03-08,admin_1,fr,fr-35,,7
2020-03-08,admin_1,fr,fr-36,,0
2020-03-08,admin_1,fr,fr-37,,5
2020-03-08,admin_1,fr,fr-40,,1
2020-03-08,admin_1,fr,fr-41,,0
2020-03-08,admin_1,fr,fr-42,,6
2020-03-08,admin_1,fr,fr-44,,8
2020-03-08,admin_1,fr,fr-45,,7
2020-03-08,admin_1,fr,fr-47,,10
2020-03-08,admin_1,fr,fr-49,,6
2020-03-08,admin_1,fr,fr-50,,6
2020-03-08,admin_1,fr,fr-51,,5
2020-03-08,admin_1,fr,fr-52,,1
2020-03-08,admin_1,fr,fr-53,,1
2020-03-08,admin_1,fr,fr-54,,10
2020-03-08,admin_1,fr,fr-55,,2
2020-03-08,admin_1,fr,fr-56,,47
2020-03-08,admin_1,fr,fr-57,,16
2020-03-08,admin_1,fr,fr-58,,0
2020-03-08,admin_1,fr,fr-59,,5
2020-03-08,admin_1,fr,fr-60,,9
2020-03-08,admin_1,fr,fr-61,,0
2020-03-08,admin_1,fr,fr-63,,7
2020-03-08,admin_1,fr,fr-64,,2
2020-03-08,admin_1,fr,fr-67,,46
2020-03-08,admin_1,fr,fr-68,,162
2020-03-08,admin_1,fr,fr-69,,44
2020-03-08,admin_1,fr,fr-72,,5
2020-03-08,admin_1,fr,fr-73,,3
2020-03-08,admin_1,fr,fr-74,,59
2020-03-08,admin_1,fr,fr-75,,26
2020-03-08,admin_1,fr,fr-76,,8
2020-03-08,admin_1,fr,fr-77,,12
2020-03-08,admin_1,fr,fr-78,,13
2020-03-08,admin_1,fr,fr-79,,1
2020-03-08,admin_1,fr,fr-80,,4
2020-03-08,admin_1,fr,fr-83,,5
2020-03-08,admin_1,fr,fr-84,,3
2020-03-08,admin_1,fr,fr-85,,4
2020-03-08,admin_1,fr,fr-86,,1
2020-03-08,admin_1,fr,fr-87,,0
2020-03-08,admin_1,fr,fr-88,,15
2020-03-08,admin_1,fr,fr-89,,4
2020-03-08,admin_1,fr,fr-90,,41
2020-03-08,admin_1,fr,fr-91,,6
2020-03-08,admin_1,fr,fr-92,,19
2020-03-08,admin_1,fr,fr-93,,16
2020-03-08,admin_1,fr,fr-94,,13
2020-03-08,admin_1,fr,fr-95,,39
2020-03-09,admin_0,,fr,,1412
2020-03-09,admin_1,fr,fr-01,,17
2020-03-09,admin_1,fr,fr-02,,28
2020-03-09,admin_1,fr,fr-04,,1
2020-03-09,admin_1,fr,fr-05,,12
2020-03-09,admin_1,fr,fr-06,,22
2020-03-09,admin_1,fr,fr-07,,6
2020-03-09,admin_1,fr,fr-08,,1
2020-03-09,admin_1,fr,fr-10,,1
2020-03-09,admin_1,fr,fr-11,,14
2020-03-09,admin_1,fr,fr-12,,8
2020-03-09,admin_1,fr,fr-13,,25
2020-03-09,admin_1,fr,fr-14,,2
2020-03-09,admin_1,fr,fr-16,,1
2020-03-09,admin_1,fr,fr-17,,7
2020-03-09,admin_1,fr,fr-19,,2
2020-03-09,admin_1,fr,fr-22,,0
2020-03-09,admin_1,fr,fr-23,,0
2020-03-09,admin_1,fr,fr-24,,2
2020-03-09,admin_1,fr,fr-25,,44
2020-03-09,admin_1,fr,fr-26,,16
2020-03-09,admin_1,fr,fr-27,,7
2020-03-09,admin_1,fr,fr-29,,5
2020-03-09,admin_1,fr,fr-2a,,23
2020-03-09,admin_1,fr,fr-2b,,5
2020-03-09,admin_1,fr,fr-30,,3
2020-03-09,admin_1,fr,fr-31,,3
2020-03-09,admin_1,fr,fr-32,,1
2020-03-09,admin_1,fr,fr-33,,4
2020-03-09,admin_1,fr,fr-34,,24
2020-03-09,admin_1,fr,fr-35,,11
2020-03-09,admin_1,fr,fr-38,,1
2020-03-09,admin_1,fr,fr-40,,1
2020-03-09,admin_1,fr,fr-42,,15
2020-03-09,admin_1,fr,fr-44,,9
2020-03-09,admin_1,fr,fr-46,,2
2020-03-09,admin_1,fr,fr-47,,15
2020-03-09,admin_1,fr,fr-50,,6
2020-03-09,admin_1,fr,fr-51,,5
2020-03-09,admin_1,fr,fr-52,,1
2020-03-09,admin_1,fr,fr-54,,11
2020-03-09,admin_1,fr,fr-55,,3
2020-03-09,admin_1,fr,fr-56,,55
2020-03-09,admin_1,fr,fr-57,,22
2020-03-09,admin_1,fr,fr-58,,0
2020-03-09,admin_1,fr,fr-59,,14
2020-03-09,admin_1,fr,fr-60,,127
2020-03-09,admin_1,fr,fr-61,,0
2020-03-09,admin_1,fr,fr-62,,4
2020-03-09,admin_1,fr,fr-63,,7
2020-03-09,admin_1,fr,fr-64,,2
2020-03-09,admin_1,fr,fr-67,,53
2020-03-09,admin_1,fr,fr-68,,193
2020-03-09,admin_1,fr,fr-69,,49
2020-03-09,admin_1,fr,fr-71,,11
2020-03-09,admin_1,fr,fr-73,,3
2020-03-09,admin_1,fr,fr-74,,66
2020-03-09,admin_1,fr,fr-75,,27
2020-03-09,admin_1,fr,fr-76,,10
2020-03-09,admin_1,fr,fr-77,,13
2020-03-09,admin_1,fr,fr-78,,25
2020-03-09,admin_1,fr,fr-79,,1
2020-03-09,admin_1,fr,fr-80,,11
2020-03-09,admin_1,fr,fr-81,,2
2020-03-09,admin_1,fr,fr-82,,3
2020-03-09,admin_1,fr,fr-83,,9
2020-03-09,admin_1,fr,fr-84,,3
2020-03-09,admin_1,fr,fr-86,,3
2020-03-09,admin_1,fr,fr-87,,0
2020-03-09,admin_1,fr,fr-88,,17
2020-03-09,admin_1,fr,fr-90,,44
2020-03-09,admin_1,fr,fr-91,,7
2020-03-09,admin_1,fr,fr-92,,20
2020-03-09,admin_1,fr,fr-93,,16
2020-03-09,admin_1,fr,fr-94,,15
2020-03-09,admin_1,fr,fr-95,,45
2020-03-09,admin_1,fr,fr-mq,,3
2020-03-10,admin_0,,fr,,1784
2020-03-10,admin_1,fr,fr-01,,23
2020-03-10,admin_1,fr,fr-02,,30
2020-03-10,admin_1,fr,fr-04,,2
2020-03-10,admin_1,fr,fr-05,,14
2020-03-10,admin_1,fr,fr-06,,23
2020-03-10,admin_1,fr,fr-07,,6
2020-03-10,admin_1,fr,fr-08,,1
2020-03-10,admin_1,fr,fr-10,,1
2020-03-10,admin_1,fr,fr-11,,22
2020-03-10,admin_1,fr,fr-12,,9
2020-03-10,admin_1,fr,fr-13,,37
2020-03-10,admin_1,fr,fr-14,,2
2020-03-10,admin_1,fr,fr-16,,1
2020-03-10,admin_1,fr,fr-17,,13
2020-03-10,admin_1,fr,fr-18,,0
2020-03-10,admin_1,fr,fr-19,,2
2020-03-10,admin_1,fr,fr-21,,9
2020-03-10,admin_1,fr,fr-22,,0
2020-03-10,admin_1,fr,fr-23,,0
2020-03-10,admin_1,fr,fr-24,,2
2020-03-10,admin_1,fr,fr-25,,52
2020-03-10,admin_1,fr,fr-26,,20
2020-03-10,admin_1,fr,fr-27,,11
2020-03-10,admin_1,fr,fr-28,,5
2020-03-10,admin_1,fr,fr-29,,7
2020-03-10,admin_1,fr,fr-2a,,27
2020-03-10,admin_1,fr,fr-2b,,6
2020-03-10,admin_1,fr,fr-30,,6
2020-03-10,admin_1,fr,fr-33,,5
2020-03-10,admin_1,fr,fr-34,,40
2020-03-10,admin_1,fr,fr-35,,11
2020-03-10,admin_1,fr,fr-36,,0
2020-03-10,admin_1,fr,fr-37,,5
2020-03-10,admin_1,fr,fr-38,,3
2020-03-10,admin_1,fr,fr-39,,6
2020-03-10,admin_1,fr,fr-40,,1
2020-03-10,admin_1,fr,fr-41,,0
2020-03-10,admin_1,fr,fr-42,,29
2020-03-10,admin_1,fr,fr-44,,9
2020-03-10,admin_1,fr,fr-45,,7
2020-03-10,admin_1,fr,fr-47,,22
2020-03-10,admin_1,fr,fr-49,,7
2020-03-10,admin_1,fr,fr-50,,6
2020-03-10,admin_1,fr,fr-51,,5
2020-03-10,admin_1,fr,fr-52,,1
2020-03-10,admin_1,fr,fr-53,,1
2020-03-10,admin_1,fr,fr-54,,11
2020-03-10,admin_1,fr,fr-55,,3
2020-03-10,admin_1,fr,fr-56,,63
2020-03-10,admin_1,fr,fr-57,,47
2020-03-10,admin_1,fr,fr-58,,2
2020-03-10,admin_1,fr,fr-59,,21
2020-03-10,admin_1,fr,fr-60,,152
2020-03-10,admin_1,fr,fr-61,,0
2020-03-10,admin_1,fr,fr-62,,7
2020-03-10,admin_1,fr,fr-63,,11
2020-03-10,admin_1,fr,fr-64,,2
2020-03-10,admin_1,fr,fr-67,,104
2020-03-10,admin_1,fr,fr-68,,260
2020-03-10,admin_1,fr,fr-69,,60
2020-03-10,admin_1,fr,fr-70,,7
2020-03-10,admin_1,fr,fr-71,,13
2020-03-10,admin_1,fr,fr-72,,6
2020-03-10,admin_1,fr,fr-73,,4
2020-03-10,admin_1,fr,fr-74,,71
2020-03-10,admin_1,fr,fr-75,,44
2020-03-10,admin_1,fr,fr-76,,15
2020-03-10,admin_1,fr,fr-77,,23
2020-03-10,admin_1,fr,fr-78,,35
2020-03-10,admin_1,fr,fr-79,,1
2020-03-10,admin_1,fr,fr-80,,12
2020-03-10,admin_1,fr,fr-81,,3
2020-03-10,admin_1,fr,fr-82,,4
2020-03-10,admin_1,fr,fr-83,,11
2020-03-10,admin_1,fr,fr-84,,3
2020-03-10,admin_1,fr,fr-85,,4
2020-03-10,admin_1,fr,fr-86,,4
2020-03-10,admin_1,fr,fr-87,,0
2020-03-10,admin_1,fr,fr-88,,28
2020-03-10,admin_1,fr,fr-89,,6
2020-03-10,admin_1,fr,fr-90,,52
2020-03-10,admin_1,fr,fr-91,,8
2020-03-10,admin_1,fr,fr-92,,28
2020-03-10,admin_1,fr,fr-93,,22
2020-03-10,admin_1,fr,fr-94,,31
2020-03-10,admin_1,fr,fr-95,,55
2020-03-11,admin_0,,fr,,2281
2020-03-11,admin_1,fr,fr-01,,26
2020-03-11,admin_1,fr,fr-04,,3
2020-03-11,admin_1,fr,fr-05,,14
2020-03-11,admin_1,fr,fr-06,,32
2020-03-11,admin_1,fr,fr-07,,6
2020-03-11,admin_1,fr,fr-08,,1
2020-03-11,admin_1,fr,fr-10,,1
2020-03-11,admin_1,fr,fr-11,,22
2020-03-11,admin_1,fr,fr-12,,9
2020-03-11,admin_1,fr,fr-13,,46
2020-03-11,admin_1,fr,fr-14,,15
2020-03-11,admin_1,fr,fr-16,,2
2020-03-11,admin_1,fr,fr-17,,20
2020-03-11,admin_1,fr,fr-18,,0
2020-03-11,admin_1,fr,fr-19,,4
2020-03-11,admin_1,fr,fr-22,,0
2020-03-11,admin_1,fr,fr-23,,0
2020-03-11,admin_1,fr,fr-24,,3
2020-03-11,admin_1,fr,fr-25,,59
2020-03-11,admin_1,fr,fr-26,,24
2020-03-11,admin_1,fr,fr-27,,14
2020-03-11,admin_1,fr,fr-28,,5
2020-03-11,admin_1,fr,fr-29,,7
2020-03-11,admin_1,fr,fr-2a,,40
2020-03-11,admin_1,fr,fr-2b,,7
2020-03-11,admin_1,fr,fr-30,,6
2020-03-11,admin_1,fr,fr-31,,7
2020-03-11,admin_1,fr,fr-32,,3
2020-03-11,admin_1,fr,fr-33,,7
2020-03-11,admin_1,fr,fr-34,,59
2020-03-11,admin_1,fr,fr-35,,13
2020-03-11,admin_1,fr,fr-36,,0
2020-03-11,admin_1,fr,fr-37,,6
2020-03-11,admin_1,fr,fr-38,,13
2020-03-11,admin_1,fr,fr-39,,7
2020-03-11,admin_1,fr,fr-40,,1
2020-03-11,admin_1,fr,fr-41,,0
2020-03-11,admin_1,fr,fr-42,,34
2020-03-11,admin_1,fr,fr-43,,4
2020-03-11,admin_1,fr,fr-45,,9
2020-03-11,admin_1,fr,fr-46,,3
2020-03-11,admin_1,fr,fr-47,,23
2020-03-11,admin_1,fr,fr-50,,10
2020-03-11,admin_1,fr,fr-51,,7
2020-03-11,admin_1,fr,fr-52,,1
2020-03-11,admin_1,fr,fr-54,,14
2020-03-11,admin_1,fr,fr-55,,3
2020-03-11,admin_1,fr,fr-56,,73
2020-03-11,admin_1,fr,fr-57,,59
2020-03-11,admin_1,fr,fr-58,,2
2020-03-11,admin_1,fr,fr-60,,152
2020-03-11,admin_1,fr,fr-61,,2
2020-03-11,admin_1,fr,fr-63,,11
2020-03-11,admin_1,fr,fr-64,,1
2020-03-11,admin_1,fr,fr-65,,1
2020-03-11,admin_1,fr,fr-67,,108
2020-03-11,admin_1,fr,fr-68,,359
2020-03-11,admin_1,fr,fr-69,,72
2020-03-11,admin_1,fr,fr-70,,9
2020-03-11,admin_1,fr,fr-73,,4
2020-03-11,admin_1,fr,fr-74,,72
2020-03-11,admin_1,fr,fr-75,,80
2020-03-11,admin_1,fr,fr-76,,16
2020-03-11,admin_1,fr,fr-77,,30
2020-03-11,admin_1,fr,fr-78,,56
2020-03-11,admin_1,fr,fr-79,,1
2020-03-11,admin_1,fr,fr-80,,13
2020-03-11,admin_1,fr,fr-81,,3
2020-03-11,admin_1,fr,fr-82,,5
2020-03-11,admin_1,fr,fr-83,,13
2020-03-11,admin_1,fr,fr-84,,4
2020-03-11,admin_1,fr,fr-86,,6
2020-03-11,admin_1,fr,fr-87,,1
2020-03-11,admin_1,fr,fr-88,,31
2020-03-11,admin_1,fr,fr-89,,7
2020-03-11,admin_1,fr,fr-90,,58
2020-03-11,admin_1,fr,fr-91,,20
2020-03-11,admin_1,fr,fr-92,,47
2020-03-11,admin_1,fr,fr-93,,29
2020-03-11,admin_1,fr,fr-94,,36
2020-03-11,admin_1,fr,fr-95,,59
2020-03-11,admin_1,fr,fr-gf,,6
2020-03-11,admin_1,fr,fr-gp,,0
2020-03-11,admin_1,fr,fr-mq,,4
2020-03-11,admin_1,fr,fr-re,,1
2020-03-12,admin_0,,fr,,2876
2020-03-12,admin_1,fr,fr-01,,31
2020-03-12,admin_1,fr,fr-02,,47
2020-03-12,admin_1,fr,fr-03,,1
2020-03-12,admin_1,fr,fr-04,,4
2020-03-12,admin_1,fr,fr-05,,15
2020-03-12,admin_1,fr,fr-06,,39
2020-03-12,admin_1,fr,fr-07,,15
2020-03-12,admin_1,fr,fr-11,,25
2020-03-12,admin_1,fr,fr-12,,9
2020-03-12,admin_1,fr,fr-13,,67
2020-03-12,admin_1,fr,fr-14,,20
2020-03-12,admin_1,fr,fr-16,,3
2020-03-12,admin_1,fr,fr-17,,20
2020-03-12,admin_1,fr,fr-18,,1
2020-03-12,admin_1,fr,fr-19,,5
2020-03-12,admin_1,fr,fr-22,,1
2020-03-12,admin_1,fr,fr-23,,0
2020-03-12,admin_1,fr,fr-24,,5
2020-03-12,admin_1,fr,fr-26,,33
2020-03-12,admin_1,fr,fr-27,,17
2020-03-12,admin_1,fr,fr-28,,5
2020-03-12,admin_1,fr,fr-29,,12
2020-03-12,admin_1,fr,fr-2a,,50
2020-03-12,admin_1,fr,fr-2b,,11
2020-03-12,admin_1,fr,fr-30,,17
2020-03-12,admin_1,fr,fr-31,,13
2020-03-12,admin_1,fr,fr-32,,3
2020-03-12,admin_1,fr,fr-33,,9
2020-03-12,admin_1,fr,fr-34,,65
2020-03-12,admin_1,fr,fr-35,,23
2020-03-12,admin_1,fr,fr-36,,0
2020-03-12,admin_1,fr,fr-37,,13
2020-03-12,admin_1,fr,fr-38,,16
2020-03-12,admin_1,fr,fr-40,,2
2020-03-12,admin_1,fr,fr-41,,1
2020-03-12,admin_1,fr,fr-42,,43
2020-03-12,admin_1,fr,fr-43,,5
2020-03-12,admin_1,fr,fr-44,,15
2020-03-12,admin_1,fr,fr-45,,10
2020-03-12,admin_1,fr,fr-46,,3
2020-03-12,admin_1,fr,fr-47,,25
2020-03-12,admin_1,fr,fr-49,,10
2020-03-12,admin_1,fr,fr-50,,11
2020-03-12,admin_1,fr,fr-53,,2
2020-03-12,admin_1,fr,fr-56,,85
2020-03-12,admin_1,fr,fr-59,,34
2020-03-12,admin_1,fr,fr-60,,194
2020-03-12,admin_1,fr,fr-61,,2
2020-03-12,admin_1,fr,fr-62,,8
2020-03-12,admin_1,fr,fr-63,,13
2020-03-12,admin_1,fr,fr-64,,7
2020-03-12,admin_1,fr,fr-65,,2
2020-03-12,admin_1,fr,fr-66,,3
2020-03-12,admin_1,fr,fr-69,,87
2020-03-12,admin_1,fr,fr-72,,10
2020-03-12,admin_1,fr,fr-73,,6
2020-03-12,admin_1,fr,fr-74,,83
2020-03-12,admin_1,fr,fr-75,,126
2020-03-12,admin_1,fr,fr-76,,19
2020-03-12,admin_1,fr,fr-77,,42
2020-03-12,admin_1,fr,fr-78,,70
2020-03-12,admin_1,fr,fr-79,,1
2020-03-12,admin_1,fr,fr-80,,22
2020-03-12,admin_1,fr,fr-81,,4
2020-03-12,admin_1,fr,fr-82,,6
2020-03-12,admin_1,fr,fr-83,,22
2020-03-12,admin_1,fr,fr-84,,4
2020-03-12,admin_1,fr,fr-85,,5
2020-03-12,admin_1,fr,fr-86,,6
2020-03-12,admin_1,fr,fr-87,,1
2020-03-12,admin_1,fr,fr-91,,30
2020-03-12,admin_1,fr,fr-92,,59
2020-03-12,admin_1,fr,fr-93,,45
2020-03-12,admin_1,fr,fr-94,,48
2020-03-12,admin_1,fr,fr-95,,60
2020-03-12,admin_1,fr,fr-mq,,6
2020-03-12,admin_1,fr,fr-re,,4
2020-03-13,admin_0,,fr,,3661
2020-03-13,admin_1,fr,fr-02,,50
2020-03-13,admin_1,fr,fr-04,,4
2020-03-13,admin_1,fr,fr-05,,18
2020-03-13,admin_1,fr,fr-06,,43
2020-03-13,admin_1,fr,fr-08,,1
2020-03-13,admin_1,fr,fr-10,,1
2020-03-13,admin_1,fr,fr-11,,25
2020-03-13,admin_1,fr,fr-12,,10
2020-03-13,admin_1,fr,fr-13,,93
2020-03-13,admin_1,fr,fr-14,,32
2020-03-13,admin_1,fr,fr-16,,4
2020-03-13,admin_1,fr,fr-17,,23
2020-03-13,admin_1,fr,fr-18,,1
2020-03-13,admin_1,fr,fr-19,,5
2020-03-13,admin_1,fr,fr-22,,1
2020-03-13,admin_1,fr,fr-23,,1
2020-03-13,admin_1,fr,fr-24,,5
2020-03-13,admin_1,fr,fr-27,,22
2020-03-13,admin_1,fr,fr-28,,7
2020-03-13,admin_1,fr,fr-29,,22
2020-03-13,admin_1,fr,fr-2a,,70
2020-03-13,admin_1,fr,fr-2b,,15
2020-03-13,admin_1,fr,fr-30,,21
2020-03-13,admin_1,fr,fr-31,,25
2020-03-13,admin_1,fr,fr-32,,4
2020-03-13,admin_1,fr,fr-33,,12
2020-03-13,admin_1,fr,fr-34,,69
2020-03-13,admin_1,fr,fr-35,,34
2020-03-13,admin_1,fr,fr-36,,0
2020-03-13,admin_1,fr,fr-37,,13
2020-03-13,admin_1,fr,fr-40,,3
2020-03-13,admin_1,fr,fr-41,,1
2020-03-13,admin_1,fr,fr-44,,22
2020-03-13,admin_1,fr,fr-45,,11
2020-03-13,admin_1,fr,fr-46,,3
2020-03-13,admin_1,fr,fr-47,,34
2020-03-13,admin_1,fr,fr-48,,1
2020-03-13,admin_1,fr,fr-49,,13
2020-03-13,admin_1,fr,fr-50,,20
2020-03-13,admin_1,fr,fr-51,,20
2020-03-13,admin_1,fr,fr-52,,1
2020-03-13,admin_1,fr,fr-53,,4
2020-03-13,admin_1,fr,fr-54,,35
2020-03-13,admin_1,fr,fr-55,,6
2020-03-13,admin_1,fr,fr-56,,100
2020-03-13,admin_1,fr,fr-57,,114
2020-03-13,admin_1,fr,fr-59,,36
2020-03-13,admin_1,fr,fr-60,,202
2020-03-13,admin_1,fr,fr-61,,2
2020-03-13,admin_1,fr,fr-62,,8
2020-03-13,admin_1,fr,fr-64,,7
2020-03-13,admin_1,fr,fr-65,,3
2020-03-13,admin_1,fr,fr-66,,4
2020-03-13,admin_1,fr,fr-67,,219
2020-03-13,admin_1,fr,fr-68,,463
2020-03-13,admin_1,fr,fr-72,,11
2020-03-13,admin_1,fr,fr-76,,21
2020-03-13,admin_1,fr,fr-79,,2
2020-03-13,admin_1,fr,fr-80,,29
2020-03-13,admin_1,fr,fr-81,,4
2020-03-13,admin_1,fr,fr-82,,6
2020-03-13,admin_1,fr,fr-83,,48
2020-03-13,admin_1,fr,fr-84,,5
2020-03-13,admin_1,fr,fr-85,,6
2020-03-13,admin_1,fr,fr-86,,6
2020-03-13,admin_1,fr,fr-87,,2
2020-03-13,admin_1,fr,fr-88,,44
2020-03-13,admin_1,fr,fr-gf,,6
2020-03-13,admin_1,fr,fr-gp,,1
2020-03-13,admin_1,fr,fr-re,,5
2020-03-14,admin_0,,fr,,4499
2020-03-14,admin_1,fr,fr-01,,43
2020-03-14,admin_1,fr,fr-02,,59
2020-03-14,admin_1,fr,fr-03,,2
2020-03-14,admin_1,fr,fr-07,,20
2020-03-14,admin_1,fr,fr-08,,1
2020-03-14,admin_1,fr,fr-10,,1
2020-03-14,admin_1,fr,fr-11,,28
2020-03-14,admin_1,fr,fr-12,,13
2020-03-14,admin_1,fr,fr-14,,50
2020-03-14,admin_1,fr,fr-15,,0
2020-03-14,admin_1,fr,fr-16,,4
2020-03-14,admin_1,fr,fr-17,,25
2020-03-14,admin_1,fr,fr-18,,2
2020-03-14,admin_1,fr,fr-19,,5
2020-03-14,admin_1,fr,fr-22,,4
2020-03-14,admin_1,fr,fr-23,,1
2020-03-14,admin_1,fr,fr-24,,7
2020-03-14,admin_1,fr,fr-26,,45
2020-03-14,admin_1,fr,fr-27,,25
2020-03-14,admin_1,fr,fr-28,,15
2020-03-14,admin_1,fr,fr-29,,34
2020-03-14,admin_1,fr,fr-2a,,84
2020-03-14,admin_1,fr,fr-2b,,22
2020-03-14,admin_1,fr,fr-30,,22
2020-03-14,admin_1,fr,fr-31,,37
2020-03-14,admin_1,fr,fr-32,,6
2020-03-14,admin_1,fr,fr-33,,18
2020-03-14,admin_1,fr,fr-34,,76
2020-03-14,admin_1,fr,fr-35,,34
2020-03-14,admin_1,fr,fr-36,,0
2020-03-14,admin_1,fr,fr-37,,18
2020-03-14,admin_1,fr,fr-38,,29
2020-03-14,admin_1,fr,fr-40,,3
2020-03-14,admin_1,fr,fr-41,,2
2020-03-14,admin_1,fr,fr-42,,54
2020-03-14,admin_1,fr,fr-43,,7
2020-03-14,admin_1,fr,fr-44,,32
2020-03-14,admin_1,fr,fr-45,,17
2020-03-14,admin_1,fr,fr-46,,3
2020-03-14,admin_1,fr,fr-47,,38
2020-03-14,admin_1,fr,fr-48,,1
2020-03-14,admin_1,fr,fr-49,,23
2020-03-14,admin_1,fr,fr-50,,27
2020-03-14,admin_1,fr,fr-51,,21
2020-03-14,admin_1,fr,fr-52,,2
2020-03-14,admin_1,fr,fr-53,,5
2020-03-14,admin_1,fr,fr-54,,38
2020-03-14,admin_1,fr,fr-55,,6
2020-03-14,admin_1,fr,fr-56,,106
2020-03-14,admin_1,fr,fr-57,,122
2020-03-14,admin_1,fr,fr-59,,39
2020-03-14,admin_1,fr,fr-60,,210
2020-03-14,admin_1,fr,fr-61,,2
2020-03-14,admin_1,fr,fr-62,,8
2020-03-14,admin_1,fr,fr-63,,16
2020-03-14,admin_1,fr,fr-64,,13
2020-03-14,admin_1,fr,fr-65,,5
2020-03-14,admin_1,fr,fr-66,,6
2020-03-14,admin_1,fr,fr-67,,239
2020-03-14,admin_1,fr,fr-68,,494
2020-03-14,admin_1,fr,fr-69,,123
2020-03-14,admin_1,fr,fr-72,,14
2020-03-14,admin_1,fr,fr-73,,18
2020-03-14,admin_1,fr,fr-74,,92
2020-03-14,admin_1,fr,fr-76,,23
2020-03-14,admin_1,fr,fr-79,,3
2020-03-14,admin_1,fr,fr-80,,54
2020-03-14,admin_1,fr,fr-81,,7
2020-03-14,admin_1,fr,fr-82,,6
2020-03-14,admin_1,fr,fr-85,,8
2020-03-14,admin_1,fr,fr-86,,9
2020-03-14,admin_1,fr,fr-87,,2
2020-03-14,admin_1,fr,fr-88,,44
2020-03-14,admin_1,fr,fr-gf,,7
2020-03-14,admin_1,fr,fr-gp,,5
2020-03-14,admin_1,fr,fr-yt,,1
2020-03-15,admin_0,,fr,,5423
2020-03-15,admin_1,fr,fr-01,,52
2020-03-15,admin_1,fr,fr-03,,4
2020-03-15,admin_1,fr,fr-07,,24
2020-03-15,admin_1,fr,fr-08,,1
2020-03-15,admin_1,fr,fr-09,,1
2020-03-15,admin_1,fr,fr-10,,7
2020-03-15,admin_1,fr,fr-11,,32
2020-03-15,admin_1,fr,fr-12,,16
2020-03-15,admin_1,fr,fr-14,,57
2020-03-15,admin_1,fr,fr-15,,0
2020-03-15,admin_1,fr,fr-16,,4
2020-03-15,admin_1,fr,fr-17,,25
2020-03-15,admin_1,fr,fr-19,,5
2020-03-15,admin_1,fr,fr-22,,4
2020-03-15,admin_1,fr,fr-23,,2
2020-03-15,admin_1,fr,fr-24,,7
2020-03-15,admin_1,fr,fr-26,,46
2020-03-15,admin_1,fr,fr-27,,25
2020-03-15,admin_1,fr,fr-29,,34
2020-03-15,admin_1,fr,fr-2a,,93
2020-03-15,admin_1,fr,fr-2b,,22
2020-03-15,admin_1,fr,fr-30,,23
2020-03-15,admin_1,fr,fr-31,,40
2020-03-15,admin_1,fr,fr-32,,7
2020-03-15,admin_1,fr,fr-33,,19
2020-03-15,admin_1,fr,fr-34,,99
2020-03-15,admin_1,fr,fr-35,,43
2020-03-15,admin_1,fr,fr-38,,34
2020-03-15,admin_1,fr,fr-40,,4
2020-03-15,admin_1,fr,fr-42,,64
2020-03-15,admin_1,fr,fr-43,,7
2020-03-15,admin_1,fr,fr-44,,39
2020-03-15,admin_1,fr,fr-46,,3
2020-03-15,admin_1,fr,fr-47,,41
2020-03-15,admin_1,fr,fr-48,,3
2020-03-15,admin_1,fr,fr-49,,27
2020-03-15,admin_1,fr,fr-50,,28
2020-03-15,admin_1,fr,fr-51,,22
2020-03-15,admin_1,fr,fr-52,,3
2020-03-15,admin_1,fr,fr-53,,5
2020-03-15,admin_1,fr,fr-54,,60
2020-03-15,admin_1,fr,fr-55,,10
2020-03-15,admin_1,fr,fr-56,,114
2020-03-15,admin_1,fr,fr-57,,197
2020-03-15,admin_1,fr,fr-61,,3
2020-03-15,admin_1,fr,fr-63,,19
2020-03-15,admin_1,fr,fr-64,,18
2020-03-15,admin_1,fr,fr-65,,5
2020-03-15,admin_1,fr,fr-66,,11
2020-03-15,admin_1,fr,fr-67,,323
2020-03-15,admin_1,fr,fr-68,,688
2020-03-15,admin_1,fr,fr-69,,136
2020-03-15,admin_1,fr,fr-72,,19
2020-03-15,admin_1,fr,fr-73,,22
2020-03-15,admin_1,fr,fr-74,,115
2020-03-15,admin_1,fr,fr-76,,30
2020-03-15,admin_1,fr,fr-79,,3
2020-03-15,admin_1,fr,fr-81,,7
2020-03-15,admin_1,fr,fr-82,,7
2020-03-15,admin_1,fr,fr-85,,9
2020-03-15,admin_1,fr,fr-86,,10
2020-03-15,admin_1,fr,fr-87,,2
2020-03-15,admin_1,fr,fr-88,,59
2020-03-15,admin_1,fr,fr-gf,,11
2020-03-15,admin_1,fr,fr-gp,,5
2020-03-16,admin_0,,fr,,6633
2020-03-16,admin_1,fr,fr-01,,59
2020-03-16,admin_1,fr,fr-03,,5
2020-03-16,admin_1,fr,fr-07,,29
2020-03-16,admin_1,fr,fr-08,,1
2020-03-16,admin_1,fr,fr-09,,2
2020-03-16,admin_1,fr,fr-10,,12
2020-03-16,admin_1,fr,fr-11,,34
2020-03-16,admin_1,fr,fr-12,,16
2020-03-16,admin_1,fr,fr-15,,0
2020-03-16,admin_1,fr,fr-16,,4
2020-03-16,admin_1,fr,fr-17,,27
2020-03-16,admin_1,fr,fr-18,,5
2020-03-16,admin_1,fr,fr-19,,5
2020-03-16,admin_1,fr,fr-22,,5
2020-03-16,admin_1,fr,fr-23,,2
2020-03-16,admin_1,fr,fr-24,,7
2020-03-16,admin_1,fr,fr-26,,69
2020-03-16,admin_1,fr,fr-28,,25
2020-03-16,admin_1,fr,fr-29,,35
2020-03-16,admin_1,fr,fr-2a,,102
2020-03-16,admin_1,fr,fr-2b,,24
2020-03-16,admin_1,fr,fr-30,,27
2020-03-16,admin_1,fr,fr-31,,47
2020-03-16,admin_1,fr,fr-32,,9
2020-03-16,admin_1,fr,fr-33,,24
2020-03-16,admin_1,fr,fr-34,,109
2020-03-16,admin_1,fr,fr-35,,44
2020-03-16,admin_1,fr,fr-36,,1
2020-03-16,admin_1,fr,fr-37,,22
2020-03-16,admin_1,fr,fr-38,,35
2020-03-16,admin_1,fr,fr-40,,5
2020-03-16,admin_1,fr,fr-41,,5
2020-03-16,admin_1,fr,fr-42,,76
2020-03-16,admin_1,fr,fr-43,,7
2020-03-16,admin_1,fr,fr-45,,32
2020-03-16,admin_1,fr,fr-46,,3
2020-03-16,admin_1,fr,fr-47,,44
2020-03-16,admin_1,fr,fr-48,,3
2020-03-16,admin_1,fr,fr-51,,37
2020-03-16,admin_1,fr,fr-52,,3
2020-03-16,admin_1,fr,fr-54,,66
2020-03-16,admin_1,fr,fr-55,,10
2020-03-16,admin_1,fr,fr-56,,129
2020-03-16,admin_1,fr,fr-57,,222
2020-03-16,admin_1,fr,fr-63,,20
2020-03-16,admin_1,fr,fr-64,,18
2020-03-16,admin_1,fr,fr-65,,6
2020-03-16,admin_1,fr,fr-66,,11
2020-03-16,admin_1,fr,fr-67,,354
2020-03-16,admin_1,fr,fr-68,,688
2020-03-16,admin_1,fr,fr-69,,164
2020-03-16,admin_1,fr,fr-73,,26
2020-03-16,admin_1,fr,fr-74,,126
2020-03-16,admin_1,fr,fr-79,,4
2020-03-16,admin_1,fr,fr-81,,10
2020-03-16,admin_1,fr,fr-82,,7
2020-03-16,admin_1,fr,fr-86,,14
2020-03-16,admin_1,fr,fr-87,,2
2020-03-16,admin_1,fr,fr-88,,61
2020-03-16,admin_1,fr,fr-gp,,18
2020-03-16,admin_1,fr,fr-mq,,16
2020-03-17,admin_0,,fr,,7730
2020-03-17,admin_1,fr,fr-01,,75
2020-03-17,admin_1,fr,fr-03,,7
2020-03-17,admin_1,fr,fr-04,,7
2020-03-17,admin_1,fr,fr-05,,25
2020-03-17,admin_1,fr,fr-06,,104
2020-03-17,admin_1,fr,fr-07,,40
2020-03-17,admin_1,fr,fr-08,,3
2020-03-17,admin_1,fr,fr-09,,2
2020-03-17,admin_1,fr,fr-10,,14
2020-03-17,admin_1,fr,fr-11,,38
2020-03-17,admin_1,fr,fr-12,,16
2020-03-17,admin_1,fr,fr-13,,237
2020-03-17,admin_1,fr,fr-15,,1
2020-03-17,admin_1,fr,fr-16,,4
2020-03-17,admin_1,fr,fr-17,,30
2020-03-17,admin_1,fr,fr-18,,6
2020-03-17,admin_1,fr,fr-19,,5
2020-03-17,admin_1,fr,fr-22,,11
2020-03-17,admin_1,fr,fr-23,,4
2020-03-17,admin_1,fr,fr-24,,7
2020-03-17,admin_1,fr,fr-26,,71
2020-03-17,admin_1,fr,fr-28,,28
2020-03-17,admin_1,fr,fr-29,,43
2020-03-17,admin_1,fr,fr-2a,,121
2020-03-17,admin_1,fr,fr-2b,,24
2020-03-17,admin_1,fr,fr-30,,32
2020-03-17,admin_1,fr,fr-31,,48
2020-03-17,admin_1,fr,fr-32,,9
2020-03-17,admin_1,fr,fr-33,,34
2020-03-17,admin_1,fr,fr-34,,119
2020-03-17,admin_1,fr,fr-35,,50
2020-03-17,admin_1,fr,fr-36,,1
2020-03-17,admin_1,fr,fr-37,,25
2020-03-17,admin_1,fr,fr-38,,44
2020-03-17,admin_1,fr,fr-40,,10
2020-03-17,admin_1,fr,fr-41,,9
2020-03-17,admin_1,fr,fr-42,,87
2020-03-17,admin_1,fr,fr-43,,7
2020-03-17,admin_1,fr,fr-45,,34
2020-03-17,admin_1,fr,fr-46,,3
2020-03-17,admin_1,fr,fr-47,,47
2020-03-17,admin_1,fr,fr-48,,8
2020-03-17,admin_1,fr,fr-51,,37
2020-03-17,admin_1,fr,fr-52,,7
2020-03-17,admin_1,fr,fr-54,,85
2020-03-17,admin_1,fr,fr-55,,18
2020-03-17,admin_1,fr,fr-56,,132
2020-03-17,admin_1,fr,fr-57,,295
2020-03-17,admin_1,fr,fr-63,,26
2020-03-17,admin_1,fr,fr-64,,20
2020-03-17,admin_1,fr,fr-65,,6
2020-03-17,admin_1,fr,fr-66,,14
2020-03-17,admin_1,fr,fr-67,,376
2020-03-17,admin_1,fr,fr-68,,700
2020-03-17,admin_1,fr,fr-69,,181
2020-03-17,admin_1,fr,fr-73,,26
2020-03-17,admin_1,fr,fr-74,,141
2020-03-17,admin_1,fr,fr-79,,5
2020-03-17,admin_1,fr,fr-81,,11
2020-03-17,admin_1,fr,fr-82,,7
2020-03-17,admin_1,fr,fr-83,,95
2020-03-17,admin_1,fr,fr-84,,13
2020-03-17,admin_1,fr,fr-86,,21
2020-03-17,admin_1,fr,fr-87,,3
2020-03-17,admin_1,fr,fr-88,,66
2020-03-17,admin_1,fr,fr-gp,,27
2020-03-17,admin_1,fr,fr-yt,,3
2020-03-18,admin_0,,fr,,9134
2020-03-18,admin_1,fr,fr-01,,77
2020-03-18,admin_1,fr,fr-03,,9
2020-03-18,admin_1,fr,fr-04,,7
2020-03-18,admin_1,fr,fr-05,,32
2020-03-18,admin_1,fr,fr-06,,110
2020-03-18,admin_1,fr,fr-07,,47
2020-03-18,admin_1,fr,fr-09,,2
2020-03-18,admin_1,fr,fr-11,,42
2020-03-18,admin_1,fr,fr-12,,22
2020-03-18,admin_1,fr,fr-13,,303
2020-03-18,admin_1,fr,fr-14,,71
2020-03-18,admin_1,fr,fr-15,,5
2020-03-18,admin_1,fr,fr-16,,4
2020-03-18,admin_1,fr,fr-17,,32
2020-03-18,admin_1,fr,fr-18,,6
2020-03-18,admin_1,fr,fr-19,,7
2020-03-18,admin_1,fr,fr-22,,12
2020-03-18,admin_1,fr,fr-23,,4
2020-03-18,admin_1,fr,fr-24,,7
2020-03-18,admin_1,fr,fr-26,,77
2020-03-18,admin_1,fr,fr-27,,29
2020-03-18,admin_1,fr,fr-28,,34
2020-03-18,admin_1,fr,fr-29,,51
2020-03-18,admin_1,fr,fr-2a,,128
2020-03-18,admin_1,fr,fr-2b,,24
2020-03-18,admin_1,fr,fr-30,,39
2020-03-18,admin_1,fr,fr-31,,57
2020-03-18,admin_1,fr,fr-32,,12
2020-03-18,admin_1,fr,fr-33,,42
2020-03-18,admin_1,fr,fr-34,,137
2020-03-18,admin_1,fr,fr-35,,55
2020-03-18,admin_1,fr,fr-36,,4
2020-03-18,admin_1,fr,fr-37,,36
2020-03-18,admin_1,fr,fr-38,,58
2020-03-18,admin_1,fr,fr-40,,10
2020-03-18,admin_1,fr,fr-41,,11
2020-03-18,admin_1,fr,fr-42,,120
2020-03-18,admin_1,fr,fr-43,,7
2020-03-18,admin_1,fr,fr-45,,37
2020-03-18,admin_1,fr,fr-46,,4
2020-03-18,admin_1,fr,fr-47,,53
2020-03-18,admin_1,fr,fr-48,,8
2020-03-18,admin_1,fr,fr-50,,42
2020-03-18,admin_1,fr,fr-56,,134
2020-03-18,admin_1,fr,fr-61,,9
2020-03-18,admin_1,fr,fr-63,,31
2020-03-18,admin_1,fr,fr-64,,21
2020-03-18,admin_1,fr,fr-65,,7
2020-03-18,admin_1,fr,fr-66,,26
2020-03-18,admin_1,fr,fr-69,,220
2020-03-18,admin_1,fr,fr-73,,34
2020-03-18,admin_1,fr,fr-74,,161
2020-03-18,admin_1,fr,fr-76,,57
2020-03-18,admin_1,fr,fr-79,,6
2020-03-18,admin_1,fr,fr-81,,13
2020-03-18,admin_1,fr,fr-82,,8
2020-03-18,admin_1,fr,fr-83,,103
2020-03-18,admin_1,fr,fr-84,,15
2020-03-18,admin_1,fr,fr-86,,25
2020-03-18,admin_1,fr,fr-87,,4
2020-03-18,admin_1,fr,fr-gf,,15
2020-03-18,admin_1,fr,fr-yt,,3
2020-03-19,admin_0,,fr,,10995
2020-03-19,admin_1,fr,fr-01,,84
2020-03-19,admin_1,fr,fr-03,,10
2020-03-19,admin_1,fr,fr-04,,8
2020-03-19,admin_1,fr,fr-05,,31
2020-03-19,admin_1,fr,fr-06,,133
2020-03-19,admin_1,fr,fr-07,,48
2020-03-19,admin_1,fr,fr-09,,3
2020-03-19,admin_1,fr,fr-11,,44
2020-03-19,admin_1,fr,fr-12,,29
2020-03-19,admin_1,fr,fr-13,,377
2020-03-19,admin_1,fr,fr-14,,76
2020-03-19,admin_1,fr,fr-15,,10
2020-03-19,admin_1,fr,fr-16,,5
2020-03-19,admin_1,fr,fr-17,,33
2020-03-19,admin_1,fr,fr-18,,8
2020-03-19,admin_1,fr,fr-19,,12
2020-03-19,admin_1,fr,fr-22,,16
2020-03-19,admin_1,fr,fr-23,,5
2020-03-19,admin_1,fr,fr-24,,7
2020-03-19,admin_1,fr,fr-26,,86
2020-03-19,admin_1,fr,fr-27,,35
2020-03-19,admin_1,fr,fr-28,,41
2020-03-19,admin_1,fr,fr-29,,60
2020-03-19,admin_1,fr,fr-2a,,138
2020-03-19,admin_1,fr,fr-2b,,26
2020-03-19,admin_1,fr,fr-30,,44
2020-03-19,admin_1,fr,fr-31,,72
2020-03-19,admin_1,fr,fr-32,,14
2020-03-19,admin_1,fr,fr-33,,54
2020-03-19,admin_1,fr,fr-34,,171
2020-03-19,admin_1,fr,fr-35,,58
2020-03-19,admin_1,fr,fr-36,,5
2020-03-19,admin_1,fr,fr-37,,41
2020-03-19,admin_1,fr,fr-38,,66
2020-03-19,admin_1,fr,fr-40,,14
2020-03-19,admin_1,fr,fr-41,,12
2020-03-19,admin_1,fr,fr-42,,145
2020-03-19,admin_1,fr,fr-43,,8
2020-03-19,admin_1,fr,fr-45,,50
2020-03-19,admin_1,fr,fr-46,,4
2020-03-19,admin_1,fr,fr-47,,59
2020-03-19,admin_1,fr,fr-48,,8
2020-03-19,admin_1,fr,fr-50,,44
2020-03-19,admin_1,fr,fr-56,,134
2020-03-19,admin_1,fr,fr-61,,9
2020-03-19,admin_1,fr,fr-63,,34
2020-03-19,admin_1,fr,fr-64,,27
2020-03-19,admin_1,fr,fr-65,,11
2020-03-19,admin_1,fr,fr-66,,35
2020-03-19,admin_1,fr,fr-69,,267
2020-03-19,admin_1,fr,fr-73,,47
2020-03-19,admin_1,fr,fr-74,,199
2020-03-19,admin_1,fr,fr-76,,77
2020-03-19,admin_1,fr,fr-79,,7
2020-03-19,admin_1,fr,fr-81,,14
2020-03-19,admin_1,fr,fr-82,,11
2020-03-19,admin_1,fr,fr-83,,124
2020-03-19,admin_1,fr,fr-84,,17
2020-03-19,admin_1,fr,fr-86,,33
2020-03-19,admin_1,fr,fr-87,,8
2020-03-19,admin_1,fr,fr-gf,,15
2020-03-19,admin_1,fr,fr-gp,,45
2020-03-19,admin_1,fr,fr-yt,,4
2020-03-20,admin_0,,fr,,12612
2020-03-20,admin_1,fr,fr-04,,15
2020-03-20,admin_1,fr,fr-05,,34
2020-03-20,admin_1,fr,fr-06,,142
2020-03-20,admin_1,fr,fr-13,,408
2020-03-20,admin_1,fr,fr-14,,85
2020-03-20,admin_1,fr,fr-16,,6
2020-03-20,admin_1,fr,fr-17,,38
2020-03-20,admin_1,fr,fr-18,,11
2020-03-20,admin_1,fr,fr-19,,15
2020-03-20,admin_1,fr,fr-22,,21
2020-03-20,admin_1,fr,fr-23,,9
2020-03-20,admin_1,fr,fr-24,,8
2020-03-20,admin_1,fr,fr-27,,36
2020-03-20,admin_1,fr,fr-28,,46
2020-03-20,admin_1,fr,fr-29,,79
2020-03-20,admin_1,fr,fr-2a,,142
2020-03-20,admin_1,fr,fr-2b,,26
2020-03-20,admin_1,fr,fr-33,,63
2020-03-20,admin_1,fr,fr-35,,72
2020-03-20,admin_1,fr,fr-36,,9
2020-03-20,admin_1,fr,fr-37,,49
2020-03-20,admin_1,fr,fr-40,,15
2020-03-20,admin_1,fr,fr-41,,20
2020-03-20,admin_1,fr,fr-45,,84
2020-03-20,admin_1,fr,fr-47,,63
2020-03-20,admin_1,fr,fr-50,,47
2020-03-20,admin_1,fr,fr-56,,134
2020-03-20,admin_1,fr,fr-61,,10
2020-03-20,admin_1,fr,fr-64,,32
2020-03-20,admin_1,fr,fr-76,,109
2020-03-20,admin_1,fr,fr-79,,8
2020-03-20,admin_1,fr,fr-83,,132
2020-03-20,admin_1,fr,fr-84,,24
2020-03-20,admin_1,fr,fr-86,,34
2020-03-20,admin_1,fr,fr-87,,12
2020-03-20,admin_1,fr,fr-gf,,18
2020-03-20,admin_1,fr,fr-gp,,51
2020-03-20,admin_1,fr,fr-yt,,6
2020-03-21,admin_0,,fr,,14459
2020-03-21,admin_1,fr,fr-01,,92
2020-03-21,admin_1,fr,fr-03,,18
2020-03-21,admin_1,fr,fr-04,,17
2020-03-21,admin_1,fr,fr-05,,35
2020-03-21,admin_1,fr,fr-06,,174
2020-03-21,admin_1,fr,fr-07,,55
2020-03-21,admin_1,fr,fr-13,,572
2020-03-21,admin_1,fr,fr-14,,99
2020-03-21,admin_1,fr,fr-15,,12
2020-03-21,admin_1,fr,fr-16,,7
2020-03-21,admin_1,fr,fr-17,,42
2020-03-21,admin_1,fr,fr-18,,11
2020-03-21,admin_1,fr,fr-19,,18
2020-03-21,admin_1,fr,fr-22,,27
2020-03-21,admin_1,fr,fr-23,,12
2020-03-21,admin_1,fr,fr-24,,10
2020-03-21,admin_1,fr,fr-26,,93
2020-03-21,admin_1,fr,fr-27,,40
2020-03-21,admin_1,fr,fr-28,,51
2020-03-21,admin_1,fr,fr-29,,91
2020-03-21,admin_1,fr,fr-33,,73
2020-03-21,admin_1,fr,fr-35,,84
2020-03-21,admin_1,fr,fr-36,,15
2020-03-21,admin_1,fr,fr-37,,61
2020-03-21,admin_1,fr,fr-38,,103
2020-03-21,admin_1,fr,fr-40,,18
2020-03-21,admin_1,fr,fr-41,,24
2020-03-21,admin_1,fr,fr-42,,174
2020-03-21,admin_1,fr,fr-43,,11
2020-03-21,admin_1,fr,fr-45,,92
2020-03-21,admin_1,fr,fr-47,,64
2020-03-21,admin_1,fr,fr-50,,63
2020-03-21,admin_1,fr,fr-56,,157
2020-03-21,admin_1,fr,fr-61,,15
2020-03-21,admin_1,fr,fr-63,,47
2020-03-21,admin_1,fr,fr-64,,40
2020-03-21,admin_1,fr,fr-69,,337
2020-03-21,admin_1,fr,fr-73,,71
2020-03-21,admin_1,fr,fr-74,,240
2020-03-21,admin_1,fr,fr-76,,128
2020-03-21,admin_1,fr,fr-79,,10
2020-03-21,admin_1,fr,fr-83,,159
2020-03-21,admin_1,fr,fr-84,,32
2020-03-21,admin_1,fr,fr-86,,48
2020-03-21,admin_1,fr,fr-87,,15
2020-03-21,admin_1,fr,fr-gf,,19
2020-03-21,admin_1,fr,fr-gp,,56
2020-03-21,admin_1,fr,fr-yt,,9
2020-03-22,admin_0,,fr,,16689
2020-03-22,admin_1,fr,fr-01,,97
2020-03-22,admin_1,fr,fr-03,,27
2020-03-22,admin_1,fr,fr-04,,22
2020-03-22,admin_1,fr,fr-05,,42
2020-03-22,admin_1,fr,fr-06,,194
2020-03-22,admin_1,fr,fr-07,,57
2020-03-22,admin_1,fr,fr-13,,827
2020-03-22,admin_1,fr,fr-14,,129
2020-03-22,admin_1,fr,fr-15,,17
2020-03-22,admin_1,fr,fr-16,,10
2020-03-22,admin_1,fr,fr-17,,49
2020-03-22,admin_1,fr,fr-18,,12
2020-03-22,admin_1,fr,fr-19,,23
2020-03-22,admin_1,fr,fr-22,,33
2020-03-22,admin_1,fr,fr-23,,12
2020-03-22,admin_1,fr,fr-24,,13
2020-03-22,admin_1,fr,fr-26,,99
2020-03-22,admin_1,fr,fr-27,,53
2020-03-22,admin_1,fr,fr-28,,58
2020-03-22,admin_1,fr,fr-29,,99
2020-03-22,admin_1,fr,fr-33,,106
2020-03-22,admin_1,fr,fr-35,,91
2020-03-22,admin_1,fr,fr-36,,27
2020-03-22,admin_1,fr,fr-37,,64
2020-03-22,admin_1,fr,fr-38,,117
2020-03-22,admin_1,fr,fr-40,,20
2020-03-22,admin_1,fr,fr-41,,28
2020-03-22,admin_1,fr,fr-42,,217
2020-03-22,admin_1,fr,fr-43,,13
2020-03-22,admin_1,fr,fr-45,,102
2020-03-22,admin_1,fr,fr-47,,65
2020-03-22,admin_1,fr,fr-50,,87
2020-03-22,admin_1,fr,fr-56,,174
2020-03-22,admin_1,fr,fr-61,,23
2020-03-22,admin_1,fr,fr-63,,57
2020-03-22,admin_1,fr,fr-64,,41
2020-03-22,admin_1,fr,fr-69,,381
2020-03-22,admin_1,fr,fr-73,,72
2020-03-22,admin_1,fr,fr-74,,256
2020-03-22,admin_1,fr,fr-76,,170
2020-03-22,admin_1,fr,fr-79,,11
2020-03-22,admin_1,fr,fr-83,,186
2020-03-22,admin_1,fr,fr-84,,45
2020-03-22,admin_1,fr,fr-86,,53
2020-03-22,admin_1,fr,fr-87,,21
2020-03-22,admin_1,fr,fr-gf,,20
2020-03-22,admin_1,fr,fr-gp,,58
2020-03-22,admin_1,fr,fr-yt,,11
2020-03-23,admin_0,,fr,,19856
2020-03-23,admin_1,fr,fr-01,,116
2020-03-23,admin_1,fr,fr-03,,32
2020-03-23,admin_1,fr,fr-07,,67
2020-03-23,admin_1,fr,fr-14,,130
2020-03-23,admin_1,fr,fr-15,,27
2020-03-23,admin_1,fr,fr-18,,12
2020-03-23,admin_1,fr,fr-22,,36
2020-03-23,admin_1,fr,fr-26,,112
2020-03-23,admin_1,fr,fr-27,,62
2020-03-23,admin_1,fr,fr-28,,73
2020-03-23,admin_1,fr,fr-29,,112
2020-03-23,admin_1,fr,fr-2a,,163
2020-03-23,admin_1,fr,fr-2b,,40
2020-03-23,admin_1,fr,fr-35,,105
2020-03-23,admin_1,fr,fr-36,,43
2020-03-23,admin_1,fr,fr-37,,71
2020-03-23,admin_1,fr,fr-38,,155
2020-03-23,admin_1,fr,fr-41,,33
2020-03-23,admin_1,fr,fr-42,,267
2020-03-23,admin_1,fr,fr-43,,15
2020-03-23,admin_1,fr,fr-45,,129
2020-03-23,admin_1,fr,fr-50,,97
2020-03-23,admin_1,fr,fr-56,,181
2020-03-23,admin_1,fr,fr-61,,27
2020-03-23,admin_1,fr,fr-63,,66
2020-03-23,admin_1,fr,fr-69,,491
2020-03-23,admin_1,fr,fr-73,,102
2020-03-23,admin_1,fr,fr-74,,272
2020-03-23,admin_1,fr,fr-76,,195
2020-03-23,admin_1,fr,fr-gf,,23
2020-03-23,admin_1,fr,fr-gp,,62
2020-03-23,admin_1,fr,fr-yt,,21
2020-03-24,admin_0,,fr,,22302
2020-03-24,admin_1,fr,fr-03,,34
2020-03-24,admin_1,fr,fr-07,,125
2020-03-24,admin_1,fr,fr-14,,147
2020-03-24,admin_1,fr,fr-15,,31
2020-03-24,admin_1,fr,fr-18,,20
2020-03-24,admin_1,fr,fr-22,,38
2020-03-24,admin_1,fr,fr-26,,113
2020-03-24,admin_1,fr,fr-27,,71
2020-03-24,admin_1,fr,fr-28,,87
2020-03-24,admin_1,fr,fr-29,,127
2020-03-24,admin_1,fr,fr-2a,,175
2020-03-24,admin_1,fr,fr-2b,,43
2020-03-24,admin_1,fr,fr-35,,115
2020-03-24,admin_1,fr,fr-36,,50
2020-03-24,admin_1,fr,fr-37,,86
2020-03-24,admin_1,fr,fr-38,,173
2020-03-24,admin_1,fr,fr-41,,37
2020-03-24,admin_1,fr,fr-42,,312
2020-03-24,admin_1,fr,fr-43,,17
2020-03-24,admin_1,fr,fr-45,,170
2020-03-24,admin_1,fr,fr-50,,107
2020-03-24,admin_1,fr,fr-56,,185
2020-03-24,admin_1,fr,fr-61,,28
2020-03-24,admin_1,fr,fr-63,,81
2020-03-24,admin_1,fr,fr-74,,289
2020-03-24,admin_1,fr,fr-76,,233
2020-03-24,admin_1,fr,fr-gf,,27
2020-03-24,admin_1,fr,fr-gp,,73
2020-03-24,admin_1,fr,fr-yt,,30
2020-03-25,admin_0,,fr,,25233
2020-03-25,admin_1,fr,fr-01,,118
2020-03-25,admin_1,fr,fr-03,,38
2020-03-25,admin_1,fr,fr-07,,128
2020-03-25,admin_1,fr,fr-15,,33
2020-03-25,admin_1,fr,fr-18,,25
2020-03-25,admin_1,fr,fr-22,,47
2020-03-25,admin_1,fr,fr-26,,119
2020-03-25,admin_1,fr,fr-28,,96
2020-03-25,admin_1,fr,fr-29,,143
2020-03-25,admin_1,fr,fr-2a,,183
2020-03-25,admin_1,fr,fr-2b,,50
2020-03-25,admin_1,fr,fr-35,,135
2020-03-25,admin_1,fr,fr-36,,65
2020-03-25,admin_1,fr,fr-37,,103
2020-03-25,admin_1,fr,fr-38,,190
2020-03-25,admin_1,fr,fr-41,,45
2020-03-25,admin_1,fr,fr-42,,363
2020-03-25,admin_1,fr,fr-43,,23
2020-03-25,admin_1,fr,fr-45,,227
2020-03-25,admin_1,fr,fr-56,,206
2020-03-25,admin_1,fr,fr-63,,105
2020-03-25,admin_1,fr,fr-69,,532
2020-03-25,admin_1,fr,fr-73,,114
2020-03-25,admin_1,fr,fr-74,,310
2020-03-25,admin_1,fr,fr-gf,,30
2020-03-25,admin_1,fr,fr-gp,,76
2020-03-25,admin_1,fr,fr-yt,,35
2020-03-26,admin_0,,fr,,29155
2020-03-26,admin_1,fr,fr-18,,25
2020-03-26,admin_1,fr,fr-22,,60
2020-03-26,admin_1,fr,fr-28,,104
2020-03-26,admin_1,fr,fr-29,,171
2020-03-26,admin_1,fr,fr-2a,,197
2020-03-26,admin_1,fr,fr-2b,,53
2020-03-26,admin_1,fr,fr-35,,152
2020-03-26,admin_1,fr,fr-36,,80
2020-03-26,admin_1,fr,fr-37,,123
2020-03-26,admin_1,fr,fr-41,,55
2020-03-26,admin_1,fr,fr-45,,258
2020-03-26,admin_1,fr,fr-56,,231
2020-03-26,admin_1,fr,fr-gf,,31
2020-03-26,admin_1,fr,fr-yt,,42
2020-03-27,admin_0,,fr,,32964
2020-03-27,admin_1,fr,fr-22,,77
2020-03-27,admin_1,fr,fr-29,,191
2020-03-27,admin_1,fr,fr-2a,,207
2020-03-27,admin_1,fr,fr-2b,,56
2020-03-27,admin_1,fr,fr-35,,167
2020-03-27,admin_1,fr,fr-56,,256
2020-03-27,admin_1,fr,fr-gf,,34
2020-03-27,admin_1,fr,fr-yt,,50
2020-03-28,admin_0,,fr,,37575
2020-03-28,admin_1,fr,fr-22,,92
2020-03-28,admin_1,fr,fr-29,,210
2020-03-28,admin_1,fr,fr-35,,187
2020-03-28,admin_1,fr,fr-56,,276
2020-03-28,admin_1,fr,fr-gf,,37
2020-03-28,admin_1,fr,fr-gp,,102
2020-03-28,admin_1,fr,fr-yt,,63
2020-03-29,admin_0,,fr,,40174
2020-03-29,admin_1,fr,fr-22,,107
2020-03-29,admin_1,fr,fr-29,,230
2020-03-29,admin_1,fr,fr-35,,208
2020-03-29,admin_1,fr,fr-56,,313
2020-03-29,admin_1,fr,fr-gf,,43
2020-03-29,admin_1,fr,fr-gp,,106
2020-03-29,admin_1,fr,fr-yt,,74
2020-03-30,admin_0,,fr,,44550
2020-03-30,admin_1,fr,fr-yt,,82
2020-03-31,admin_0,,fr,,52128
2020-03-31,admin_1,fr,fr-yt,,94
2020-04-01,admin_0,,fr,,56989
2020-04-01,admin_1,fr,fr-yt,,101
2020-04-02,admin_0,,fr,,59105
2020-04-02,admin_1,fr,fr-yt,,116
2020-04-03,admin_0,,fr,,64338
2020-04-03,admin_1,fr,fr-yt,,128
2020-04-04,admin_0,,fr,,68605
2020-04-05,admin_0,,fr,,70478
2020-04-06,admin_0,,fr,,74390
2020-04-06,admin_1,fr,fr-44,,556
2020-04-06,admin_1,fr,fr-49,,194
2020-04-06,admin_1,fr,fr-53,,158
2020-04-06,admin_1,fr,fr-72,,372
2020-04-06,admin_1,fr,fr-85,,131
2020-04-07,admin_0,,fr,,78167
2020-04-07,admin_1,fr,fr-44,,575
2020-04-07,admin_1,fr,fr-49,,202
2020-04-07,admin_1,fr,fr-53,,159
2020-04-07,admin_1,fr,fr-72,,394
2020-04-07,admin_1,fr,fr-85,,140
2020-04-08,admin_0,,fr,,82048
2020-04-08,admin_1,fr,fr-44,,633
2020-04-08,admin_1,fr,fr-49,,222
2020-04-08,admin_1,fr,fr-53,,182
2020-04-08,admin_1,fr,fr-72,,422
2020-04-08,admin_1,fr,fr-85,,147
2020-04-09,admin_0,,fr,,86334
2020-04-10,admin_0,,fr,,90676
2020-04-11,admin_0,,fr,,93790
2020-04-12,admin_0,,fr,,95403
2020-04-13,admin_0,,fr,,98076
2020-04-14,admin_0,,fr,,103573
2020-04-15,admin_0,,fr,,106206
2020-04-16,admin_0,,fr,,108847
2020-04-17,admin_0,,fr,,109252
2020-04-18,admin_0,,fr,,111821
2020-04-19,admin_0,,fr,,112606
2020-04-20,admin_0,,fr,,114657
2020-04-21,admin_0,,fr,,117324
2020-04-22,admin_0,,fr,,119151
2020-04-23,admin_0,,fr,,120804
2020-04-24,admin_0,,fr,,122577
2020-04-25,admin_0,,fr,,124114
2020-04-26,admin_0,,fr,,124575
2020-04-27,admin_0,,fr,,128339
2020-04-28,admin_0,,fr,,129859
2020-04-29,admin_0,,fr,,128442
2020-04-30,admin_0,,fr,,129581
2020-05-01,admin_0,,fr,,130185
2020-05-02,admin_0,,fr,,130979
2020-05-03,admin_0,,fr,,131287
2020-05-04,admin_0,,fr,,131863
2020-05-05,admin_0,,fr,,132967
2020-05-06,admin_0,,fr,,137150
2020-05-07,admin_0,,fr,,137779
2020-05-08,admin_0,,fr,,138421
2020-05-09,admin_0,,fr,,138854
2020-05-10,admin_0,,fr,,139063
2020-05-11,admin_0,,fr,,139519
2020-05-12,admin_0,,fr,,140227
2020-05-13,admin_0,,fr,,140734
2020-05-14,admin_0,,fr,,141356
2020-05-15,admin_0,,fr,,141919
2020-05-16,admin_0,,fr,,142291
2020-05-17,admin_0,,fr,,142411
2020-05-18,admin_0,,fr,,142903
2020-05-19,admin_0,,fr,,143427
2020-05-20,admin_0,,fr,,143845
2020-05-21,admin_0,,fr,,144163
2020-05-22,admin_0,,fr,,144556
2020-05-23,admin_0,,fr,,144806
2020-05-24,admin_0,,fr,,144921
2020-05-25,admin_0,,fr,,145279
2020-05-26,admin_0,,fr,,145555
2020-05-27,admin_0,,fr,,145746
2020-05-28,admin_0,,fr,,149071
2020-05-29,admin_0,,fr,,149668
2020-05-30,admin_0,,fr,,151496
2020-05-31,admin_0,,fr,,151753
2020-06-01,admin_0,,fr,,152091
2020-06-02,admin_0,,fr,,151325
2020-06-03,admin_0,,fr,,151677
2020-06-04,admin_0,,fr,,152444
2020-06-05,admin_0,,fr,,153055
2020-06-06,admin_0,,fr,,153634
2020-06-07,admin_0,,fr,,153977
2020-06-08,admin_0,,fr,,154188
2020-06-09,admin_0,,fr,,154591
2020-06-10,admin_0,,fr,,155136
2020-06-11,admin_0,,fr,,155561
2020-06-12,admin_0,,fr,,156287
2020-06-13,admin_0,,fr,,156813
2020-06-14,admin_0,,fr,,157220
2020-06-15,admin_0,,fr,,157372
2020-06-16,admin_0,,fr,,157716
2020-06-17,admin_0,,fr,,158174
2020-06-18,admin_0,,fr,,158641
2020-06-19,admin_0,,fr,,159452
2020-06-20,admin_0,,fr,,160093
2020-06-21,admin_0,,fr,,160377
2020-06-22,admin_0,,fr,,160750
2020-06-23,admin_0,,fr,,161267
2020-06-24,admin_0,,fr,,161348
2020-06-25,admin_0,,fr,,161348
2020-06-26,admin_0,,fr,,162936
2020-06-27,admin_0,,fr,,163454
2020-06-28,admin_0,,fr,,163980
2020-06-29,admin_0,,fr,,164260
2020-06-30,admin_0,,fr,,164801
2020-07-01,admin_0,,fr,,165719
2020-07-02,admin_0,,fr,,166378
2020-07-03,admin_0,,fr,,166960
2020-07-04,admin_0,,fr,,167711
2020-07-05,admin_0,,fr,,168159
2020-07-06,admin_0,,fr,,168335
2020-07-07,admin_0,,fr,,168810
2020-07-08,admin_0,,fr,,169473
2020-07-09,admin_0,,fr,,170094
2020-07-10,admin_0,,fr,,170752
2020-07-11,admin_0,,fr,,171504
2020-07-12,admin_0,,fr,,172089
2020-07-13,admin_0,,fr,,172377
2020-07-14,admin_0,,fr,,172888
2020-07-15,admin_0,,fr,,173304
2020-07-16,admin_0,,fr,,173838
2020-07-17,admin_0,,fr,,174674
2020-07-18,admin_0,,fr,,175639
2020-07-19,admin_0,,fr,,176404
2020-07-20,admin_0,,fr,,176754
2020-07-21,admin_0,,fr,,177338
2020-07-22,admin_0,,fr,,178336
2020-07-23,admin_0,,fr,,179398
2020-07-24,admin_0,,fr,,180528
2020-07-27,admin_0,,fr,,183079
2020-07-28,admin_0,,fr,,183804
2020-07-29,admin_0,,fr,,185196
2020-07-30,admin_0,,fr,,186573
2020-07-31,admin_0,,fr,,187919
2020-08-01,admin_0,,fr,,189547
2020-08-02,admin_0,,fr,,190739
2020-08-03,admin_0,,fr,,191295
2020-08-04,admin_0,,fr,,192334
2020-08-05,admin_0,,fr,,194029
2020-08-06,admin_0,,fr,,195633
2020-08-07,admin_0,,fr,,197921
2020-08-08,admin_0,,fr,,200105
2020-08-09,admin_0,,fr,,201990
2020-08-10,admin_0,,fr,,202775
2020-08-11,admin_0,,fr,,204172
2020-08-12,admin_0,,fr,,206696
2020-08-13,admin_0,,fr,,209365
2020-08-14,admin_0,,fr,,212211
2020-08-15,admin_0,,fr,,215521
2020-08-16,admin_0,,fr,,218536
2020-08-17,admin_0,,fr,,219029
2020-08-18,admin_0,,fr,,221267
2020-08-19,admin_0,,fr,,225043
2020-08-20,admin_0,,fr,,229814
2020-08-21,admin_0,,fr,,234400
2020-08-22,admin_0,,fr,,238002
2020-08-23,admin_0,,fr,,242899
2020-08-24,admin_0,,fr,,244854
2020-08-25,admin_0,,fr,,248158
2020-08-26,admin_0,,fr,,253587
2020-08-27,admin_0,,fr,,259698
2020-08-28,admin_0,,fr,,267077
2020-08-29,admin_0,,fr,,272530
2020-08-30,admin_0,,fr,,277943
2020-08-31,admin_0,,fr,,281025
2020-09-01,admin_0,,fr,,286007
2020-09-02,admin_0,,fr,,293024
2020-09-03,admin_0,,fr,,300181
2020-09-04,admin_0,,fr,,309156
2020-09-05,admin_0,,fr,,317706
2020-09-06,admin_0,,fr,,324777
2020-09-07,admin_0,,fr,,328980
2020-09-08,admin_0,,fr,,335524
2020-09-09,admin_0,,fr,,344101
2020-09-10,admin_0,,fr,,353944
2020-09-11,admin_0,,fr,,363350
2020-09-12,admin_0,,fr,,373911
2020-09-13,admin_0,,fr,,381094
2020-09-14,admin_0,,fr,,387252
2020-09-15,admin_0,,fr,,395104
2020-09-16,admin_0,,fr,,404888
2020-09-17,admin_0,,fr,,415481
2020-09-18,admin_0,,fr,,428696
2020-09-19,admin_0,,fr,,442194
2020-09-20,admin_0,,fr,,452763
2020-09-21,admin_0,,fr,,458061
2020-09-22,admin_0,,fr,,468069
2020-09-23,admin_0,,fr,,481141
2020-09-24,admin_0,,fr,,497237
2020-09-25,admin_0,,fr,,513034
2020-09-26,admin_0,,fr,,527446
2020-09-27,admin_0,,fr,,538569
2020-09-28,admin_0,,fr,,542639
2020-09-29,admin_0,,fr,,550690
2020-09-30,admin_0,,fr,,563535
2020-10-01,admin_0,,fr,,577505
2020-10-02,admin_0,,fr,,589653
2020-10-03,admin_0,,fr,,606625
2020-10-04,admin_0,,fr,,619190
2020-10-05,admin_0,,fr,,624274
2020-10-06,admin_0,,fr,,634763
2020-10-07,admin_0,,fr,,653509
2020-10-08,admin_0,,fr,,671638
2020-10-09,admin_0,,fr,,691977
2020-10-10,admin_0,,fr,,718873
2020-10-11,admin_0,,fr,,734974
2020-10-12,admin_0,,fr,,743479
2020-10-13,admin_0,,fr,,756472
2020-10-14,admin_0,,fr,,779063
2020-10-15,admin_0,,fr,,809684
2020-10-16,admin_0,,fr,,834770
2020-10-17,admin_0,,fr,,867197
2020-10-18,admin_0,,fr,,897034
2020-10-19,admin_0,,fr,,910277
2020-10-20,admin_0,,fr,,930745
2020-10-21,admin_0,,fr,,957421
2020-10-22,admin_0,,fr,,999043
2020-10-23,admin_0,,fr,,1041075
2020-10-24,admin_0,,fr,,1086497
2020-10-25,admin_0,,fr,,1138507
2020-10-26,admin_0,,fr,,1165278
2020-10-27,admin_0,,fr,,1198695
2020-10-28,admin_0,,fr,,1235132
2020-10-29,admin_0,,fr,,1282769
2020-10-30,admin_0,,fr,,1331984
2020-10-31,admin_0,,fr,,1367625
2020-11-01,admin_0,,fr,,1413915
2020-11-02,admin_0,,fr,,1466433
2020-11-03,admin_0,,fr,,1502763
2020-11-04,admin_0,,fr,,1543321
2020-11-05,admin_0,,fr,,1601367
2020-11-06,admin_0,,fr,,1661853
2020-11-07,admin_0,,fr,,1748705
2020-11-08,admin_0,,fr,,1787324
2020-11-09,admin_0,,fr,,1807479
2020-11-10,admin_0,,fr,,1829659
2020-11-11,admin_0,,fr,,1865538
2020-11-12,admin_0,,fr,,1898710
2020-11-13,admin_0,,fr,,1922504
2020-11-14,admin_0,,fr,,1954599
2020-11-15,admin_0,,fr,,1981827
2020-11-16,admin_0,,fr,,1991233
2020-11-17,admin_0,,fr,,2036755
2020-11-18,admin_0,,fr,,2065138
2020-11-19,admin_0,,fr,,2086288
2020-11-20,admin_0,,fr,,2109170
2020-11-21,admin_0,,fr,,2127051
2020-11-22,admin_0,,fr,,2140208
2020-11-23,admin_0,,fr,,2144660
2020-11-24,admin_0,,fr,,2153815
2020-11-25,admin_0,,fr,,2170097
2020-11-26,admin_0,,fr,,2183660
2020-11-27,admin_0,,fr,,2196119
2020-11-28,admin_0,,fr,,2208699
2020-11-29,admin_0,,fr,,2218483
2020-11-30,admin_0,,fr,,2222488
2020-12-01,admin_0,,fr,,2230571
2020-12-02,admin_0,,fr,,2244635
2020-12-03,admin_0,,fr,,2257331
2020-12-04,admin_0,,fr,,2268552
2020-12-05,admin_0,,fr,,2281475
2020-12-06,admin_0,,fr,,2292497
2020-12-07,admin_0,,fr,,2295908
2020-12-08,admin_0,,fr,,2309621
2020-12-09,admin_0,,fr,,2324216
2020-12-10,admin_0,,fr,,2337966
2020-12-11,admin_0,,fr,,2351372
2020-12-12,admin_0,,fr,,2365319
2020-12-13,admin_0,,fr,,2376852
2020-12-14,admin_0,,fr,,2379915
2020-12-15,admin_0,,fr,,2391447
2020-12-16,admin_0,,fr,,2409062
2020-12-17,admin_0,,fr,,2427316
2020-12-18,admin_0,,fr,,2442990
2020-12-19,admin_0,,fr,,2460555
2020-12-20,admin_0,,fr,,2473354
2020-12-21,admin_0,,fr,,2479151
2020-12-22,admin_0,,fr,,2490946
2020-12-23,admin_0,,fr,,2505875
2020-12-24,admin_0,,fr,,2527509
2020-12-25,admin_0,,fr,,2547771
2020-12-26,admin_0,,fr,,2550864
2020-12-27,admin_0,,fr,,2559686
2020-12-28,admin_0,,fr,,2562646
2020-12-29,admin_0,,fr,,2574041
2020-12-30,admin_0,,fr,,2600498
2020-12-31,admin_0,,fr,,2620425
2021-01-01,admin_0,,fr,,2639773
2021-01-02,admin_0,,fr,,2643239
2021-01-03,admin_0,,fr,,2655728
2021-01-04,admin_0,,fr,,2659750
2021-01-05,admin_0,,fr,,2680239
2021-01-06,admin_0,,fr,,2705618
2021-01-07,admin_0,,fr,,2727321
2021-01-08,admin_0,,fr,,2747135
2021-01-09,admin_0,,fr,,2767312
2021-01-10,admin_0,,fr,,2783256
2021-01-11,admin_0,,fr,,2786838
2021-01-12,admin_0,,fr,,2806590
2021-01-13,admin_0,,fr,,2830442
2021-01-14,admin_0,,fr,,2851670
2021-01-15,admin_0,,fr,,2872941
2021-01-16,admin_0,,fr,,2894347
2021-01-17,admin_0,,fr,,2910989
2021-01-18,admin_0,,fr,,2914725
2021-01-19,admin_0,,fr,,2938333
2021-01-20,admin_0,,fr,,2965117
2021-01-21,admin_0,,fr,,2987965
2021-01-22,admin_0,,fr,,3011257
2021-01-23,admin_0,,fr,,3035181
2021-01-24,admin_0,,fr,,3053617
2021-01-25,admin_0,,fr,,3057857
2021-01-26,admin_0,,fr,,3079943
2021-01-27,admin_0,,fr,,3106859
2021-01-28,admin_0,,fr,,3130629
2021-01-29,admin_0,,fr,,3153487
2021-01-30,admin_0,,fr,,3177879
2021-01-31,admin_0,,fr,,3197114
2021-02-01,admin_0,,fr,,3201461
2021-02-02,admin_0,,fr,,3224798
2021-02-03,admin_0,,fr,,3251160
2021-02-04,admin_0,,fr,,3274608
2021-02-05,admin_0,,fr,,3296747
2021-02-06,admin_0,,fr,,3317333
2021-02-07,admin_0,,fr,,3337048
2021-02-08,admin_0,,fr,,3341365
2021-02-09,admin_0,,fr,,3360235
2021-02-10,admin_0,,fr,,3385622
2021-02-11,admin_0,,fr,,3406685
2021-02-12,admin_0,,fr,,3427386
2021-02-13,admin_0,,fr,,3448617
2021-02-14,admin_0,,fr,,3465163
2021-02-15,admin_0,,fr,,3469539
2021-02-16,admin_0,,fr,,3489129
2021-02-17,admin_0,,fr,,3514147
2021-02-18,admin_0,,fr,,3536648
2021-02-19,admin_0,,fr,,3560764
